889.477,488.255,887.353,489.361
894.541,539.193,887.353,489.361
887.353,489.361,813.496,495.268
889.477,488.255,946.78,501.667
910.54,402.749,889.477,488.255
813.496,495.268,814.04,474.312
796.156,427.846,814.04,474.312
814.04,474.312,869.878,410.035
813.496,495.268,805.146,505.939
833.007,389.657,869.878,410.035
869.878,410.035,910.54,402.749
910.54,402.749,924.89,390.844
-1357.84,-399.929,-1876.69,-403.819
-1357.84,-399.929,-1149.74,-378.688
-950.942,-527.217,-1357.84,-399.929
-2459.29,-370.351,-1876.69,-403.819
-1876.69,-403.819,-961.954,-626.112
-961.954,-626.112,-924.008,-578.251
-961.954,-626.112,-958.379,-632.117
-922.614,-578.053,-924.008,-578.251
-924.008,-578.251,-950.942,-527.217
-950.942,-527.217,-928.031,-508.953
213.508,80.0998,134.433,68.2994
109.123,77.514,134.433,68.2994
134.433,68.2994,153.981,51.9935
213.508,80.0998,216.608,85.5271
212.478,40.4753,213.508,80.0998
194.246,33.8004,212.478,40.4753
194.246,33.8004,191.027,27.2932
153.981,51.9935,194.246,33.8004
229.454,26.693,212.478,40.4753
162.429,18.3605,153.981,51.9935
-933.076,71.7731,-1007.24,116.739
-941.41,184.141,-1007.24,116.739
-1007.24,116.739,-1429.38,158.137
-933.076,71.7731,-867.285,76.5335
-952.513,-11.1428,-933.076,71.7731
-968.928,-32.2237,-952.513,-11.1428
-968.928,-32.2237,-938.971,-90.5603
-1000.64,-33.2851,-968.928,-32.2237
-890.556,-29.3219,-952.513,-11.1428
-1000.64,-33.2851,-981.035,-151.225
-25916.9,-191.432,-1000.64,-33.2851
-1429.38,158.137,-80002.9,110.349
-92002.8,155.947,-80002.9,110.349
-80002.9,110.349,-25916.9,-191.432
-1429.38,158.137,-1032.73,244.689
-2459.29,-370.351,-25916.9,-191.432
-817.299,933.56,-763.589,993.406
-817.299,933.56,-755.743,882.399
-833.889,930.271,-817.299,933.56
-761.011,989.771,-763.589,993.406
-763.589,993.406,-733.606,1116.09
-625.7,4056.65,-594.338,6562.38
-398.579,1223.77,-594.338,6562.38
-594.338,6562.38,-683.216,18562.1
-625.7,4056.65,-576.557,1068.91
-733.606,1116.09,-625.7,4056.65
-1041.31,6000,-894.941,1092.23
-930.474,931.217,-894.941,1092.23
-894.941,1092.23,-833.889,930.271
-833.889,930.271,-867.133,904.298
-660.565,932.442,-733.606,1116.09
-1089.88,618.104,-957.414,640.108
-939.268,604.351,-957.414,640.108
-957.414,640.108,-910.572,666.101
-1089.88,618.104,-1119.75,606.414
-1013.54,660.128,-1089.88,618.104
-896.539,662.799,-910.572,666.101
-910.572,666.101,-947.468,689.454
-1013.54,660.128,-981.986,706.681
-947.468,689.454,-1013.54,660.128
-947.952,691.351,-947.468,689.454
968.232,308.17,973.779,266.903
968.232,308.17,934.626,306.253
972.105,314.626,968.232,308.17
922.274,287.102,973.779,266.903
973.779,266.903,998.149,223.085
972.105,314.626,938.214,386.826
1129.99,352.375,972.105,314.626
898.45,254.08,998.149,223.085
998.149,223.085,1031.21,193.768
4497.53,264.122,1129.99,352.375
938.214,386.826,1129.99,352.375
4497.53,264.122,9797.1,324.078
3537.21,236.896,4497.53,264.122
1031.21,193.768,3537.21,236.896
961.487,59.21,3537.21,236.896
1031.21,193.768,981.02,166.519
-387.836,-903.679,-402.863,-939.087
-387.836,-903.679,-468.436,-896.424
-370.873,-890.578,-387.836,-903.679
-441.825,-974.816,-402.863,-939.087
-402.863,-939.087,-378.172,-974.007
-370.873,-890.578,-390.88,-825.474
-300.358,-913.405,-370.873,-890.578
-378.172,-974.007,-315.526,-946.573
-364.503,-1128.72,-315.526,-946.573
-315.526,-946.573,-300.319,-913.439
-378.172,-974.007,-364.503,-1128.72
-215.076,-928.55,-300.319,-913.439
-300.319,-913.439,-300.358,-913.405
-300.358,-913.405,-293.841,-802.805
791.943,382.92,816.375,341.313
815.027,339.454,816.375,341.313
816.375,341.313,832.731,352.386
791.943,382.92,723.28,354.155
804.593,406.105,791.943,382.92
833.007,389.657,804.593,406.105
832.731,352.386,833.007,389.657
796.156,427.846,804.593,406.105
884.191,343.079,832.731,352.386
278.883,-574.473,283.431,-583.711
278.883,-574.473,227.386,-582.117
272.123,-553.984,278.883,-574.473
277.484,-595.102,283.431,-583.711
283.431,-583.711,344.918,-587.722
365.517,-553.384,339.642,-523.252
338.881,-521.278,339.642,-523.252
339.642,-523.252,272.123,-553.984
365.517,-553.384,387.413,-540.441
364.543,-557.998,365.517,-553.384
228.37,-500.28,272.123,-553.984
364.543,-557.998,430.431,-610.635
344.918,-587.722,364.543,-557.998
344.918,-587.722,346.866,-599.928
-897.172,-225.57,-846.336,-202.058
-897.172,-225.57,-901.114,-230.139
-905.128,-167.24,-897.172,-225.57
-813.176,-228.869,-846.336,-202.058
-846.336,-202.058,-847.653,-173.084
-905.128,-167.24,-927.65,-143.663
-847.653,-173.084,-905.128,-167.24
-847.653,-173.084,-844.502,-164.882
674.596,-732.195,640.709,-760.356
613.586,-717.768,640.709,-760.356
640.709,-760.356,639.802,-762.38
674.596,-732.195,684.352,-703.854
730.891,-815.756,674.596,-732.195
702.194,-828.505,724.504,-829.078
725.949,-832.448,724.504,-829.078
724.504,-829.078,730.891,-815.756
702.194,-828.505,658.396,-865.737
645.627,-803.374,702.194,-828.505
754.237,-790.155,730.891,-815.756
606.9,-760.945,639.802,-762.38
639.802,-762.38,645.627,-803.374
632.219,-810.468,645.627,-803.374
473.385,247.584,401.853,236.979
381.12,238.676,401.853,236.979
401.853,236.979,438.347,175.782
473.385,247.584,474.203,257.34
475.775,243.632,473.385,247.584
404.223,150.564,438.347,175.782
438.347,175.782,462.524,183.92
496.546,145.928,462.524,183.92
462.524,183.92,475.775,243.632
475.775,243.632,534.928,220.579
845.665,-259.655,861.785,-258.542
940.321,-295.734,861.785,-258.542
861.785,-258.542,829.723,-200.946
845.665,-259.655,800.953,-301.934
768.074,-229.06,845.665,-259.655
768.593,-205.252,768.074,-229.06
760.12,-268.817,768.074,-229.06
768.593,-205.252,747.599,-182.311
812.874,-193.668,768.593,-205.252
829.723,-200.946,812.874,-193.668
829.723,-200.946,913.477,-205.707
830.006,-168.467,812.874,-193.668
589.928,-1116.31,569.887,-934.986
589.928,-1116.31,614.772,-1199.82
487.29,-949.111,589.928,-1116.31
573.188,-927.174,569.887,-934.986
569.887,-934.986,487.29,-949.111
487.29,-949.111,479.879,-945.217
-791.285,-379.716,-794.171,-376.97
-791.285,-379.716,-763.854,-313.115
-788.69,-393.374,-791.285,-379.716
-817.441,-292.122,-794.171,-376.97
-794.171,-376.97,-808.381,-365.234
-788.69,-393.374,-675.078,-389.072
-790.277,-396.208,-788.69,-393.374
-849.323,-295.149,-808.381,-365.234
-808.381,-365.234,-867.926,-346.626
-863.889,-390.367,-838.454,-404.838
-883.283,-448.128,-838.454,-404.838
-838.454,-404.838,-790.277,-396.208
-863.889,-390.367,-903.263,-409.07
-882.215,-367.139,-863.889,-390.367
-786.752,-445.373,-790.277,-396.208
-876.719,-298.466,-867.926,-346.626
-867.926,-346.626,-882.215,-367.139
-934.752,-371.263,-882.215,-367.139
924.418,551.173,894.541,539.193
924.418,551.173,902.018,598.233
953.272,536.475,924.418,551.173
887.442,546.229,894.541,539.193
953.272,536.475,957.77,540.558
946.78,501.667,953.272,536.475
946.78,501.667,978.335,464.174
486.84,1095.48,442.516,947.306
486.84,1095.48,488.191,1167.6
529.121,972.298,486.84,1095.48
439.05,940.225,442.516,947.306
442.516,947.306,510.266,923.799
527.823,945.666,529.121,972.298
590.276,937.266,529.121,972.298
527.823,945.666,550.972,912.735
510.266,923.799,527.823,945.666
502.963,891.051,510.266,923.799
159.196,-383.795,124.821,-369.496
159.196,-383.795,195.079,-377.852
116.684,-465.266,159.196,-383.795
90.944,-330.638,124.821,-369.496
124.821,-369.496,67.1355,-433.083
116.684,-465.266,124.363,-481.299
67.1355,-433.083,116.684,-465.266
64.2587,-432.525,67.1355,-433.083
-939.268,604.351,-886.086,643.56
-943.263,599.523,-939.268,604.351
-1027.34,591.792,-943.263,599.523
-933.936,582.312,-943.263,599.523
-1027.34,591.792,-941.093,547.958
-1119.75,606.414,-1027.34,591.792
-1879.52,516.935,-1119.75,606.414
-654.566,277.221,-612.74,347.787
-654.566,277.221,-616.857,252.096
-678.028,260.081,-654.566,277.221
-564.117,349.227,-612.74,347.787
-612.74,347.787,-618.738,352.675
-678.028,260.081,-678.557,255.953
-711.275,280.64,-678.028,260.081
-618.738,352.675,-640.803,357.806
-618.738,352.675,-620.837,360.801
-703.945,392.69,-640.803,357.806
-640.803,357.806,-718.997,329.369
-711.275,280.64,-771.735,276.674
-718.997,329.369,-711.275,280.64
-751.794,363.116,-718.997,329.369
912.468,369.235,934.626,306.253
934.626,306.253,922.274,287.102
922.274,287.102,892.769,271.045
483.282,-10.5502,487.185,-10.2293
505.543,-24.6045,487.185,-10.2293
487.185,-10.2293,494.095,35.5538
483.282,-10.5502,416.148,-23.8907
448.963,36.8287,483.282,-10.5502
462.127,56.8542,457.279,57.7832
462.127,56.8542,518.367,110.959
493.641,36.2652,462.127,56.8542
436.651,76.9379,457.279,57.7832
457.279,57.7832,448.963,36.8287
493.641,36.2652,518.953,102.111
494.095,35.5538,493.641,36.2652
525.405,38.2927,494.095,35.5538
448.963,36.8287,410.108,-16.5156
587.755,848.718,593.45,859.884
587.755,848.718,572.455,770.231
536.503,825.651,587.755,848.718
609.002,864.021,593.45,859.884
593.45,859.884,565.426,874.562
536.503,825.651,565.538,771.02
494.301,849.967,536.503,825.651
565.426,874.562,496.403,857.943
492.39,872.991,496.403,857.943
496.403,857.943,494.301,849.967
565.426,874.562,556.202,909.739
494.301,849.967,467.148,814.329
-69.3007,-885.076,-77.2003,-902.966
-166.543,-947.373,-77.2003,-902.966
-77.2003,-902.966,-75.4164,-945.196
-69.3007,-885.076,-98.3499,-820.032
-35.0646,-897.744,-69.3007,-885.076
-38.6902,-978.117,-30.7416,-971.05
32.8897,-965.094,-30.7416,-971.05
-30.7416,-971.05,-22.5586,-921.215
-38.6902,-978.117,-57.6971,-1051.59
-75.4164,-945.196,-38.6902,-978.117
-113.799,-962.48,-75.4164,-945.196
6.37714,-923.186,-22.5586,-921.215
-22.5586,-921.215,-35.0646,-897.744
28.6785,-859.186,-35.0646,-897.744
-288.451,214.516,-400.241,218.713
-405.835,222.582,-400.241,218.713
-400.241,218.713,-337.28,145.724
-288.451,214.516,-304.008,288.633
-263.271,181.867,-288.451,214.516
-275.568,152.487,-263.271,181.867
-275.568,152.487,-209.383,107.107
-295.301,137.069,-275.568,152.487
-259.707,183.772,-263.271,181.867
-295.301,137.069,-297.572,82.6991
-337.28,145.724,-295.301,137.069
-338.711,144.56,-337.28,145.724
682.945,731.491,671.01,738.199
682.945,731.491,732.3,769.895
700.778,697.887,682.945,731.491
666.769,755.21,671.01,738.199
671.01,738.199,625.513,716.231
657.79,664.958,700.778,697.887
731.254,688.661,700.778,697.887
657.79,664.958,649.703,638.604
625.513,716.231,657.79,664.958
625.513,716.231,595.871,722.361
-755.042,872.011,-755.743,882.399
-755.743,882.399,-742.091,895.362
-701.417,922.487,-742.091,895.362
-742.091,895.362,-761.011,989.771
-761.011,989.771,-701.417,922.487
-198.436,-36.6857,-297.849,-74.8211
-198.436,-36.6857,-196.31,-34.2136
-219.79,-144.262,-198.436,-36.6857
-326.355,-11.8091,-297.849,-74.8211
-297.849,-74.8211,-305.856,-101.723
-219.79,-144.262,-164.9,-180.457
-282.974,-149.664,-219.79,-144.262
-282.974,-149.664,-284.01,-151.805
-305.856,-101.723,-282.974,-149.664
-305.856,-101.723,-362.092,-103.122
-941.141,740.818,-954.552,759.031
-941.236,794.608,-954.552,759.031
-954.552,759.031,-986.906,763.581
-941.141,740.818,-895.644,746.327
-951.393,720.513,-941.141,740.818
-1035.68,749.835,-987.453,726.482
-1035.68,749.835,-144136,2818.11
-986.906,763.581,-1035.68,749.835
-981.986,706.681,-987.453,726.482
-987.453,726.482,-951.393,720.513
-967.167,807.043,-986.906,763.581
-951.393,720.513,-947.952,691.351
-273.782,-686.274,-327.911,-745.154
-273.782,-686.274,-305.956,-672.477
-270.53,-685.163,-273.782,-686.274
-371.283,-723.755,-327.911,-745.154
-327.911,-745.154,-326.837,-780.072
-326.837,-780.072,-293.841,-802.805
-293.841,-802.805,-229.915,-794.633
-326.837,-780.072,-390.88,-825.474
-229.915,-794.633,-270.53,-685.163
-229.915,-794.633,-170.263,-820.86
-260.473,-676.029,-270.53,-685.163
28.7796,860.528,43.1412,915.472
44.5834,916.316,43.1412,915.472
43.1412,915.472,16.4316,926.528
28.7796,860.528,36.0814,844.687
-22.9993,853.507,28.7796,860.528
-53.5931,898.231,-22.9993,853.507
-53.5931,898.231,-63.2172,901.75
16.4316,926.528,-53.5931,898.231
-53.8503,818.255,-22.9993,853.507
16.4316,926.528,-13.5197,958.32
-432.224,325.09,-420.542,338.087
-380.222,344.234,-420.542,338.087
-420.542,338.087,-432.336,382.069
-432.224,325.09,-398.399,239.04
-492.274,323.794,-432.224,325.09
-432.336,382.069,-440.884,388.424
-385.612,454.384,-440.884,388.424
-440.884,388.424,-515.913,417.859
-432.336,382.069,-409.811,388.913
-515.913,417.859,-541.66,361.797
-515.913,417.859,-514.591,435.116
-564.117,349.227,-541.66,361.797
-541.66,361.797,-492.274,323.794
-471.075,234.026,-492.274,323.794
-679.68,230.205,-682.087,246.501
-678.557,255.953,-682.087,246.501
-682.087,246.501,-749.696,205.204
-679.68,230.205,-661.575,206.355
-693.347,175.156,-679.68,230.205
-765.203,226.499,-749.696,205.204
-749.696,205.204,-754.365,166.831
-763.309,153.393,-754.365,166.831
-754.365,166.831,-693.347,175.156
-687.318,169.381,-693.347,175.156
-891.128,373.88,-903.803,331.532
-939.012,331.764,-903.803,331.532
-903.803,331.532,-866.113,305.956
-891.128,373.88,-903.74,388.672
-827.163,369.889,-891.128,373.88
-866.113,305.956,-851.564,312.583
-866.113,305.956,-873.147,290.983
-799.535,278.472,-851.564,312.583
-851.564,312.583,-827.163,369.889
-827.163,369.889,-818.232,378.632
-438.887,-367.304,-452.466,-398.884
-438.887,-367.304,-438.752,-366.938
-363.092,-464.792,-438.887,-367.304
-516.307,-418.846,-452.466,-398.884
-452.466,-398.884,-443.961,-432.258
-378.221,-497.884,-363.092,-464.792
-346.385,-434.294,-363.092,-464.792
-378.221,-497.884,-338.891,-526.414
-382.626,-498.204,-378.221,-497.884
-406.957,-482.317,-382.626,-498.204
-404.61,-523.329,-382.626,-498.204
-406.957,-482.317,-492.365,-500.486
-443.961,-432.258,-406.957,-482.317
-501.361,-485,-443.961,-432.258
653.407,-289.922,687.133,-266.239
760.12,-268.817,687.133,-266.239
687.133,-266.239,678.053,-224.945
653.407,-289.922,648.268,-306.924
638.934,-255.379,653.407,-289.922
729.98,-182.972,678.053,-224.945
678.053,-224.945,633.651,-222.286
633.651,-222.286,638.934,-255.379
633.651,-222.286,610.782,-198.833
543.759,-280.652,638.934,-255.379
264.79,-35.4471,288.89,-49.5607
264.79,-35.4471,248.96,-44.9283
303.816,14.5733,264.79,-35.4471
306.433,-68.5954,288.89,-49.5607
288.89,-49.5607,365.858,-35.3393
303.816,14.5733,283.174,33.9771
316.253,13.4314,303.816,14.5733
365.858,-35.3393,316.253,13.4314
359.945,71.2242,316.253,13.4314
365.858,-35.3393,368.374,-37.4493
217.957,-42.2444,248.96,-44.9283
248.96,-44.9283,261.969,-71.3771
288.937,-95.2767,306.433,-68.5954
288.937,-95.2767,303.405,-145.14
261.969,-71.3771,288.937,-95.2767
351.773,-54.9222,306.433,-68.5954
215.451,-168.301,261.969,-71.3771
219.539,-687.537,277.789,-703.277
283.055,-705.12,277.789,-703.277
277.789,-703.277,264.597,-603.944
219.539,-687.537,189.839,-766.918
207.598,-675.866,219.539,-687.537
264.597,-603.944,259.236,-606.366
264.597,-603.944,277.484,-595.102
234.281,-596.9,259.236,-606.366
259.236,-606.366,207.598,-675.866
207.598,-675.866,194.179,-668.651
873.593,-397.982,884.684,-391.602
899.061,-406.551,884.684,-391.602
884.684,-391.602,903.216,-342.547
873.593,-397.982,877.717,-473.817
862.882,-401.224,873.593,-397.982
920.334,-313.342,903.216,-342.547
903.216,-342.547,810.86,-345.666
862.882,-401.224,827.536,-438.095
854.769,-396.934,862.882,-401.224
854.769,-396.934,748.261,-369.728
810.86,-345.666,854.769,-396.934
810.86,-345.666,761.774,-325.649
-724.188,654.86,-758.467,608.499
-724.188,654.86,-737.51,671.359
-663.874,632.119,-724.188,654.86
-789.292,649.707,-758.467,608.499
-758.467,608.499,-752.601,577.123
-752.601,577.123,-739.952,575.277
-752.601,577.123,-781.566,560.215
-698.825,530.793,-739.952,575.277
-739.952,575.277,-663.874,632.119
-663.874,632.119,-659.42,632.848
668.407,-677.199,657.978,-678.761
563.063,-654.223,657.978,-678.761
657.978,-678.761,613.586,-717.768
668.407,-677.199,697.039,-577.018
684.352,-703.854,668.407,-677.199
613.586,-717.768,536.762,-714.027
754.85,-716.554,684.352,-703.854
-755.298,-657.345,-773.279,-653.57
-755.298,-657.345,-733.058,-653.333
-767.785,-707.425,-755.298,-657.345
-774.551,-565.731,-773.279,-653.57
-773.279,-653.57,-794.045,-657.816
-801.866,-711.73,-794.219,-714.006
-801.866,-711.73,-817.448,-717.172
-794.045,-657.816,-801.866,-711.73
-743.679,-799.679,-794.219,-714.006
-794.219,-714.006,-767.785,-707.425
-767.785,-707.425,-695.518,-725.275
-794.045,-657.816,-829.345,-632.517
123.141,-249.612,149.267,-249.541
123.141,-249.612,76.6159,-287.458
120.553,-218.843,123.141,-249.612
139.968,-302.894,149.267,-249.541
149.267,-249.541,158.402,-247.455
120.553,-218.843,97.9006,-194.584
139.765,-212.721,120.553,-218.843
139.765,-212.721,185.248,-162.049
158.402,-247.455,139.765,-212.721
158.402,-247.455,219.354,-247.958
250.866,-487.652,256.796,-433.219
250.866,-487.652,308.423,-471.795
228.37,-500.28,250.866,-487.652
267.439,-401.497,256.796,-433.219
256.796,-433.219,196.49,-385.085
197.015,-388.865,227.971,-500.273
197.015,-388.865,144.697,-490.488
196.49,-385.085,197.015,-388.865
189.489,-518.785,227.971,-500.273
227.971,-500.273,228.37,-500.28
196.49,-385.085,195.079,-377.852
-562.094,265.044,-558.136,282.479
-471.075,234.026,-558.136,282.479
-558.136,282.479,-564.117,349.227
-562.094,265.044,-560.946,244.972
-616.857,252.096,-562.094,265.044
-596.406,218.749,-616.857,252.096
-371.283,-723.755,-366.783,-680.977
-384.653,-725.377,-371.283,-723.755
-346.394,-658.687,-366.783,-680.977
-366.783,-680.977,-403.663,-668.981
-414.749,-685.636,-384.653,-725.377
-414.749,-685.636,-430.415,-688.382
-403.663,-668.981,-414.749,-685.636
-423.739,-754.565,-384.653,-725.377
-403.663,-668.981,-405.088,-630.999
780.513,90.4978,838.451,78.8057
780.513,90.4978,753.156,82.2961
796.405,153.935,780.513,90.4978
846.062,67.9693,838.451,78.8057
838.451,78.8057,853.18,139.501
796.405,153.935,756.735,167.425
799.204,155.151,796.405,153.935
799.204,155.151,818.093,223.114
853.18,139.501,799.204,155.151
860.395,145.771,853.18,139.501
-79.4414,-584.063,-72.8864,-578.945
-79.4414,-584.063,-80.8509,-673.555
-112.246,-592.46,-79.4414,-584.063
-54.4434,-583.621,-72.8864,-578.945
-72.8864,-578.945,-73.1435,-577.823
-112.246,-592.46,-139.258,-601.228
-109.897,-558.804,-112.246,-592.46
-109.897,-558.804,-140.987,-538.982
-85.6718,-560.802,-109.897,-558.804
-85.6718,-560.802,-108.374,-516.659
-73.1435,-577.823,-85.6718,-560.802
-48.9993,-499.897,-73.1435,-577.823
-32.9918,129.027,-13.7848,120.547
-12.7202,59.3784,-13.7848,120.547
-13.7848,120.547,31.9822,129.397
-32.9918,129.027,-67.3317,103.058
-38.6172,159.546,-32.9918,129.027
36.0112,123.17,31.9822,129.397
31.9822,129.397,36.2428,161.202
-38.6172,159.546,-56.6227,169.597
21.1626,202.607,-38.6172,159.546
21.1626,202.607,23.8979,227.746
36.2428,161.202,21.1626,202.607
36.2428,161.202,75.6187,160.519
-826.359,-804.464,-775.48,-818.764
-826.359,-804.464,-863.445,-795.187
-849.674,-751.629,-826.359,-804.464
-780.52,-827.435,-775.48,-818.764
-775.48,-818.764,-775.4,-818.685
-849.674,-751.629,-863.329,-756.327
-831.434,-744.941,-849.674,-751.629
-775.4,-818.685,-831.434,-744.941
-817.448,-717.172,-831.434,-744.941
-775.4,-818.685,-759.167,-811.903
597.595,115.658,587.014,100.282
523.811,122.561,587.014,100.282
587.014,100.282,603.166,61.4783
597.595,115.658,604.006,150.953
673.484,133.782,597.595,115.658
531.866,57.6102,603.166,61.4783
603.166,61.4783,621.507,30.9626
709.536,101.549,701.602,137.325
756.735,167.425,701.602,137.325
701.602,137.325,700.914,138.078
709.536,101.549,748.952,81.9036
641.589,30.8241,709.536,101.549
695.7,149.682,700.914,138.078
700.914,138.078,673.484,133.782
641.589,30.8241,692.875,-19.9132
621.507,30.9626,641.589,30.8241
610.658,152.722,673.484,133.782
621.507,30.9626,600.726,10.2395
215.984,-774.258,189.839,-766.918
189.839,-766.918,177.691,-776.762
215.984,-774.258,294.082,-742.706
284.437,-844.086,215.984,-774.258
241.724,-847.314,284.437,-844.086
241.724,-847.314,200.295,-864.02
177.691,-776.762,241.724,-847.314
302.56,-845.864,284.437,-844.086
175.721,-777.381,177.691,-776.762
-442.831,-816.162,-420.621,-809.892
-442.831,-816.162,-486.11,-873.587
-510.828,-780.669,-442.831,-816.162
-390.88,-825.474,-420.621,-809.892
-420.621,-809.892,-423.739,-754.565
-510.828,-780.669,-529.257,-784.232
-467.439,-718.043,-510.828,-780.669
-423.739,-754.565,-467.439,-718.043
-469.597,-709.129,-467.439,-718.043
517.775,133.893,523.811,122.561
519.249,111.615,523.811,122.561
517.775,133.893,506.209,137.629
532.967,163.615,517.775,133.893
604.006,150.953,596.989,169.437
603.28,206.596,596.989,169.437
596.989,169.437,532.967,163.615
604.006,150.953,610.658,152.722
540.239,216.701,532.967,163.615
506.209,137.629,430.346,102.013
413.354,137.243,430.346,102.013
430.346,102.013,428.442,82.406
506.209,137.629,496.546,145.928
519.249,111.615,518.953,102.111
518.367,110.959,519.249,111.615
436.651,76.9379,518.367,110.959
428.442,82.406,436.651,76.9379
395.075,62.6564,428.442,82.406
-530.733,974.374,-470.762,1003.63
-493.105,924.052,-470.762,1003.63
-470.762,1003.63,-398.579,1223.77
-530.733,974.374,-497.293,924.299
-543.379,991.677,-530.733,974.374
-398.579,1223.77,-392.699,1180.08
-543.379,991.677,-577.718,929.412
-576.557,1068.91,-543.379,991.677
-576.557,1068.91,-600.328,1002.43
89.7676,-308.468,139.968,-302.894
89.7676,-308.468,90.944,-330.638
76.6159,-287.458,89.7676,-308.468
199.209,-307.732,139.968,-302.894
76.2088,-287.208,76.6159,-287.458
-417.613,-282.354,-457.33,-201.749
-452.523,-197.821,-457.33,-201.749
-457.33,-201.749,-497.463,-214.083
-417.613,-282.354,-373.4,-244.334
-428.081,-300.16,-417.613,-282.354
-510.699,-184.262,-497.463,-214.083
-497.463,-214.083,-508.592,-233.782
-428.081,-300.16,-425.751,-335.28
-487.419,-265.82,-428.081,-300.16
-508.592,-233.782,-501.49,-254.158
-538.097,-316.644,-501.49,-254.158
-501.49,-254.158,-487.419,-265.82
-508.592,-233.782,-591.317,-237.093
-487.419,-265.82,-497.522,-319.377
-69.5028,279.105,-147.487,297.934
-69.5028,279.105,-100.874,356.462
-66.6664,276.586,-69.5028,279.105
-158.185,336.595,-147.487,297.934
-147.487,297.934,-150.539,261.229
-147.417,244.86,-105.297,218.774
-147.417,244.86,-182.797,218.584
-150.539,261.229,-147.417,244.86
-123.323,175.413,-105.297,218.774
-105.297,218.774,-80.7906,223.459
-66.6664,276.586,-35.6062,315.18
-59.9132,242.363,-66.6664,276.586
-150.539,261.229,-229.084,269.681
-56.6227,169.597,-80.7906,223.459
-80.7906,223.459,-59.9132,242.363
-59.9132,242.363,-19.5684,238.457
71.5169,828.779,36.0814,844.687
36.0814,844.687,4.81383,758.613
71.5169,828.779,112.942,832.474
73.4481,769.214,71.5169,828.779
4.81383,758.613,23.164,745.134
4.81383,758.613,-0.0706365,758.903
24.1344,742.593,23.164,745.134
23.164,745.134,73.4481,769.214
142.846,760.564,73.4481,769.214
-951.922,-448.215,-893.02,-441.99
-951.922,-448.215,-926.542,-486.385
-1149.74,-378.688,-951.922,-448.215
-883.283,-448.128,-893.02,-441.99
-893.02,-441.99,-903.263,-409.07
-1007.07,-341.695,-1149.74,-378.688
-1007.07,-341.695,-922.31,-280.582
-934.752,-371.263,-1007.07,-341.695
-903.263,-409.07,-934.752,-371.263
-310.566,742.675,-294.133,810.159
-310.566,742.675,-296.637,726.867
-365.307,761.857,-310.566,742.675
-257.851,806.307,-294.133,810.159
-294.133,810.159,-328.014,857.148
-365.307,761.857,-384.611,755.928
-342.007,846.422,-365.307,761.857
-328.014,857.148,-331.777,856.677
-328.014,857.148,-282.471,895.445
-396.518,919.386,-331.777,856.677
-331.777,856.677,-342.007,846.422
-425.156,829.323,-342.007,846.422
-841.782,645.143,-805.106,643.781
-808.374,551.777,-805.106,643.781
-805.106,643.781,-789.292,649.707
-841.782,645.143,-875.516,634.72
-825.065,690.61,-841.782,645.143
-789.292,649.707,-777.014,674.157
-759.221,692.135,-777.014,674.157
-777.014,674.157,-824.411,691.195
-822.825,717.943,-824.411,691.195
-824.411,691.195,-825.065,690.61
-883.583,697.378,-825.065,690.61
916.891,-107.112,938.358,-61.8631
972.422,-63.6117,938.358,-61.8631
938.358,-61.8631,930.798,-45.2748
916.891,-107.112,933.955,-124.264
899.678,-104.172,916.891,-107.112
965.035,-25.3904,930.798,-45.2748
930.798,-45.2748,922.416,-36.7991
899.678,-104.172,872.371,-113.542
878.439,-29.3626,899.678,-104.172
922.416,-36.7991,878.439,-29.3626
855.429,-12.5766,878.439,-29.3626
922.416,-36.7991,951.719,18.791
-405.835,222.582,-436.144,210.22
-398.399,239.04,-405.835,222.582
-304.008,288.633,-313.434,299.659
-304.008,288.633,-229.546,269.184
-301.593,312.634,-313.434,299.659
-313.434,299.659,-330.578,301.031
-330.578,301.031,-398.399,239.04
-330.578,301.031,-360.239,344.036
473.568,-448.677,475.602,-446.889
473.568,-448.677,472.642,-450.582
396.25,-430.192,473.568,-448.677
531.137,-441.024,475.602,-446.889
475.602,-446.889,462.093,-411.468
396.25,-430.192,381.678,-465.74
375.577,-390.074,396.25,-430.192
462.093,-411.468,375.577,-390.074
368.29,-380.636,375.577,-390.074
462.093,-411.468,454.25,-351.079
839.903,-9.53748,846.062,67.9693
890.101,73.5899,846.062,67.9693
839.903,-9.53748,855.429,-12.5766
831.083,-14.9613,839.903,-9.53748
748.952,81.9036,753.156,82.2961
753.156,82.2961,831.083,-14.9613
806.257,-36.1909,831.083,-14.9613
1.22533,428.677,58.4554,476.841
1.22533,428.677,1.11172,427.794
-63.0443,447.352,1.22533,428.677
89.3377,482.788,58.4554,476.841
58.4554,476.841,-5.96873,511.171
-5.96873,511.171,-75.6247,480.966
-79.992,492.772,-75.6247,480.966
-75.6247,480.966,-79.2879,460.084
-5.96873,511.171,-23.8437,548.48
-122.794,438.959,-79.2879,460.084
-79.2879,460.084,-63.0443,447.352
-63.0443,447.352,-65.8359,362.749
148.358,264.281,233.979,315.528
242.481,317.078,233.979,315.528
233.979,315.528,168.419,328.516
148.358,264.281,145.523,260.295
111.735,320.421,148.358,264.281
168.419,328.516,111.735,320.421
168.419,328.516,105.481,404.104
83.0576,328.423,111.735,320.421
965.503,-638.57,959.13,-630.843
965.503,-638.57,2547.82,-893.393
983.099,-703.823,965.503,-638.57
1037.82,-565.19,959.13,-630.843
959.13,-630.843,930.606,-628.871
915.901,-681.52,920.23,-710.05
911.544,-719.812,920.23,-710.05
920.23,-710.05,983.099,-703.823
915.901,-681.52,876.426,-649.064
930.606,-628.871,915.901,-681.52
983.099,-703.823,2360.6,-877.626
930.606,-628.871,910.826,-586.507
195.079,-377.852,200.891,-371.262
90.944,-330.638,48.4951,-373.764
200.891,-371.262,207.373,-352.008
200.891,-371.262,267.439,-401.497
299.615,-335.843,207.373,-352.008
207.373,-352.008,199.209,-307.732
199.209,-307.732,219.354,-247.958
-215.076,-928.55,-205.324,-947.097
-169.441,-822.003,-215.076,-928.55
-147.335,-5384.22,-205.324,-947.097
-205.324,-947.097,-166.543,-947.373
-166.543,-947.373,-113.799,-962.48
-169.441,-822.003,-170.263,-820.86
-98.3499,-820.032,-169.441,-822.003
-51.4706,-782.667,-98.3499,-820.032
-560.946,244.972,-474.114,222.685
-515.663,200.038,-474.114,222.685
-474.114,222.685,-466.577,224.787
-560.946,244.972,-567.627,228.305
-436.144,210.22,-466.577,224.787
-466.577,224.787,-471.075,234.026
-763.854,-313.115,-774.112,-301.744
-775.649,-290.646,-774.112,-301.744
-774.112,-301.744,-817.441,-292.122
-763.854,-313.115,-716.998,-298.244
-834.297,-285.038,-817.441,-292.122
630.615,358.531,618.827,377.028
630.615,358.531,664.557,349.22
621.968,340.929,630.615,358.531
619.933,400.904,618.827,377.028
618.827,377.028,572.295,351.233
572.295,351.233,556.398,320.285
555.619,319.348,556.398,320.285
556.398,320.285,621.968,340.929
572.295,351.233,563.243,425.77
631.621,304.235,621.968,340.929
-678.557,255.953,-609.32,199.879
-610.461,192.468,-609.32,199.879
-609.32,199.879,-596.406,218.749
-567.627,228.305,-596.406,218.749
291.856,94.3704,275.764,104.481
258.499,150.609,275.764,104.481
275.764,104.481,237.079,83.6131
291.856,94.3704,312.51,101.323
283.067,34.5675,291.856,94.3704
216.608,85.5271,237.079,83.6131
237.079,83.6131,283.067,34.5675
283.067,34.5675,283.174,33.9771
-192.88,-34.4885,-196.31,-34.2136
-196.31,-34.2136,-226.476,18.6331
-226.963,31.4886,-226.476,18.6331
-226.476,18.6331,-326.355,-11.8091
-326.355,-11.8091,-354.321,7.32792
888.031,-169.6,865.067,-124.405
888.031,-169.6,913.702,-194.578
830.006,-168.467,888.031,-169.6
872.371,-113.542,865.067,-124.405
865.067,-124.405,842.374,-137.11
842.374,-137.11,830.006,-168.467
842.374,-137.11,775.076,-89.0107
-28.9973,-101.103,-11.1796,-124.343
-3.17108,-140.169,-11.1796,-124.343
-11.1796,-124.343,62.9099,-92.6272
-28.9973,-101.103,-115.331,-164.004
-28.8041,-92.8876,-28.9973,-101.103
62.9099,-92.6272,54.4894,-88.2228
62.9099,-92.6272,78.6722,-97.307
27.9453,-59.7954,54.4894,-88.2228
54.4894,-88.2228,-28.8041,-92.8876
-30.1098,-85.9884,-28.8041,-92.8876
244.088,319.557,274.805,335.59
370.888,230.902,274.805,335.59
274.805,335.59,280.258,340.094
244.088,319.557,242.481,317.078
147.614,463.852,244.088,319.557
280.258,340.094,288.535,393.335
280.258,340.094,362.603,342.683
322.206,426.174,288.535,393.335
288.535,393.335,263.653,442.611
263.653,442.611,159.769,471.08
233.074,556.966,159.769,471.08
159.769,471.08,147.614,463.852
263.653,442.611,293.653,495.215
147.614,463.852,120.02,463.258
184.468,-599.605,79.0711,-636.423
184.468,-599.605,175.701,-554.706
192.268,-628.274,184.468,-599.605
73.222,-628.831,79.0711,-636.423
79.0711,-636.423,110.057,-679.733
192.268,-628.274,234.281,-596.9
194.179,-668.651,192.268,-628.274
110.057,-679.733,194.179,-668.651
110.057,-679.733,105.408,-697.066
-429.564,-37.9231,-420.752,-70.2211
-417.854,-95.0972,-420.752,-70.2211
-420.752,-70.2211,-358.091,11.6313
-429.564,-37.9231,-457.741,-25.8245
-373.115,15.4641,-429.564,-37.9231
-357.305,11.4882,-358.091,11.6313
-358.091,11.6313,-373.115,15.4641
-373.115,15.4641,-393.855,28.2781
831.935,225.825,828.945,224.076
831.935,225.825,854.708,250.76
906.402,183.818,831.935,225.825
818.093,223.114,828.945,224.076
828.945,224.076,860.395,145.771
906.402,183.818,898.45,254.08
916.678,164.062,906.402,183.818
860.395,145.771,905.431,155.33
906.562,83.1215,905.431,155.33
905.431,155.33,916.678,164.062
916.678,164.062,981.02,166.519
-901.114,-230.139,-915.729,-257.061
-901.114,-230.139,-965.958,-144.02
-918.147,-260.544,-915.729,-257.061
-915.729,-257.061,-819.502,-243.629
-819.502,-243.629,-815.281,-236.067
-819.502,-243.629,-834.297,-285.038
-775.649,-290.646,-815.281,-236.067
-815.281,-236.067,-813.176,-228.869
-797.212,-223.701,-813.176,-228.869
792.603,-593.666,869.944,-594.367
792.603,-593.666,783.36,-599.358
794.261,-589.519,792.603,-593.666
876.426,-649.064,869.944,-594.367
869.944,-594.367,897.911,-583.081
897.911,-583.081,886.095,-522.802
897.982,-505.773,886.095,-522.802
886.095,-522.802,832.928,-516.768
897.911,-583.081,910.826,-586.507
826.174,-493.348,832.928,-516.768
832.928,-516.768,794.261,-589.519
794.261,-589.519,783.728,-488.277
1.11172,427.794,30.7773,377.302
1.11172,427.794,-26.4561,372.834
29.6411,345.537,30.7773,377.302
30.7773,377.302,105.708,406.72
89.3377,482.788,83.5854,536.486
120.02,463.258,89.3377,482.788
105.708,406.72,120.02,463.258
105.708,406.72,105.481,404.104
-998.528,-160.029,-918.147,-260.544
-922.31,-280.582,-918.147,-260.544
-998.528,-160.029,-2459.29,-370.351
-981.035,-151.225,-998.528,-160.029
-952.177,-134.767,-965.958,-144.02
-965.958,-144.02,-981.035,-151.225
-941.236,794.608,-895.644,746.327
-941.237,796.354,-941.236,794.608
-895.644,746.327,-875.346,744.125
-941.237,796.354,-967.167,807.043
-929.611,805.524,-941.237,796.354
-875.346,744.125,-870.337,748.848
-875.346,744.125,-883.583,697.378
-859.116,756.888,-870.337,748.848
-870.337,748.848,-929.611,805.524
-911.671,831.495,-929.611,805.524
1238.31,-527.285,1037.82,-565.19
1238.31,-527.285,1018.7,-477.155
28068.9,-953.358,1238.31,-527.285
953.128,-563.743,1037.82,-565.19
40065.4,-1242.76,28068.9,-953.358
6482.04,-344.522,28068.9,-953.358
2360.6,-877.626,2547.82,-893.393
2547.82,-893.393,6000,-1200.91
-930.474,931.217,-1048.95,902.906
-867.133,904.298,-930.474,931.217
-6000,1641.88,-1048.95,902.906
-1048.95,902.906,-1041.07,896.604
-865.832,882.079,-867.133,904.298
-865.832,882.079,-813.624,830.398
-876.922,865.4,-865.832,882.079
-967.167,807.043,-1041.07,896.604
-1041.07,896.604,-911.671,831.495
-902.201,834.242,-876.922,865.4
-902.201,834.242,-859.116,756.888
-911.671,831.495,-902.201,834.242
-843.405,764.148,-876.922,865.4
629.182,-595.561,583.656,-625.617
629.182,-595.561,570.791,-553.805
697.039,-577.018,629.182,-595.561
560.094,-561.348,583.656,-625.617
583.656,-625.617,563.063,-654.223
697.039,-577.018,699.063,-574.827
563.063,-654.223,561.788,-654.928
-121.725,360.018,-158.024,336.848
-204.947,420.513,-158.024,336.848
-158.024,336.848,-158.185,336.595
-121.725,360.018,-122.794,438.959
-100.874,356.462,-121.725,360.018
-65.8359,362.749,-100.874,356.462
-197.491,328.277,-158.185,336.595
229.454,26.693,217.957,-42.2444
205.803,-47.0191,217.957,-42.2444
283.174,33.9771,229.454,26.693
876.375,928.203,887.366,939.753
876.375,928.203,872.68,915.262
847.055,937.806,876.375,928.203
915.021,947.323,887.366,939.753
887.366,939.753,858.627,965.757
847.055,937.806,841.495,911.455
824.162,969.613,847.055,937.806
913.327,1008.29,858.627,965.757
858.627,965.757,824.162,969.613
824.162,969.613,817.073,973.104
-257.851,806.307,-251.703,804.566
-275.868,892.5,-257.851,806.307
-271.286,732.344,-251.703,804.566
-251.703,804.566,-242.547,806.765
-224.655,854.458,-239.018,879.741
-223.353,890.731,-239.018,879.741
-239.018,879.741,-275.868,892.5
-224.655,854.458,-175.386,837.444
-242.547,806.765,-224.655,854.458
-282.471,895.445,-275.868,892.5
-202.407,777.427,-242.547,806.765
-473.767,-893.8,-468.436,-896.424
-468.436,-896.424,-441.825,-974.816
-468.669,-1023.16,-441.825,-974.816
-812.646,549.359,-808.374,551.777
-812.646,549.359,-764.547,463.416
-828.643,547.794,-812.646,549.359
-781.566,560.215,-808.374,551.777
-828.643,547.794,-831.931,480.037
-840.042,551.191,-828.643,547.794
-840.042,551.191,-880.92,522.1
-866.206,590.815,-840.042,551.191
-866.206,590.815,-902.086,577.763
-875.516,634.72,-866.206,590.815
-875.516,634.72,-886.086,643.56
-155.932,577.716,-138.591,536.835
-155.932,577.716,-167.882,586.309
-59.9599,588.743,-155.932,577.716
-183.997,516.616,-138.591,536.835
-138.591,536.835,-128.058,526.61
-128.058,526.61,-94.2946,522.897
-79.992,492.772,-94.2946,522.897
-94.2946,522.897,-59.9599,588.743
-128.058,526.61,-164.172,464.469
-55.3813,592.766,-59.9599,588.743
299.115,954.075,224.441,846.376
220.065,847.668,224.441,846.376
224.441,846.376,299.146,805.555
299.115,954.075,224.145,1042.27
336.777,925.523,299.115,954.075
353.725,899.182,336.777,925.523
353.725,899.182,439.05,940.225
352.88,879.017,353.725,899.182
488.191,1167.6,336.777,925.523
299.146,805.555,318.654,816.645
299.146,805.555,294.602,788.781
435.136,750.512,318.654,816.645
318.654,816.645,352.88,879.017
352.88,879.017,409.313,856.969
294.082,-742.706,295.701,-725.165
396.078,-750.707,295.701,-725.165
295.701,-725.165,292.088,-712.871
294.082,-742.706,302.599,-845.501
292.088,-712.871,283.055,-705.12
297.825,-645.597,283.055,-705.12
292.088,-712.871,347.989,-679.62
159.788,6.89615,111.956,-7.13281
159.788,6.89615,162.429,18.3605
162.425,5.8544,159.788,6.89615
86.07,22.0551,111.956,-7.13281
111.956,-7.13281,120.865,-27.535
162.425,5.8544,186.754,11.1051
198.347,-52.4682,162.425,5.8544
198.347,-52.4682,205.803,-47.0191
185.38,-65.0906,198.347,-52.4682
185.38,-65.0906,176.658,-123.21
120.865,-27.535,185.38,-65.0906
120.865,-27.535,78.9313,-96.1339
195.615,876.904,220.065,847.668
212.491,838.708,220.065,847.668
195.615,876.904,116.843,840.434
181.032,930.264,195.615,876.904
224.145,1042.27,181.032,930.264
95.6913,913.249,181.032,930.264
224.145,1042.27,173.509,1395.43
24.1344,742.593,-31.61,635.823
53.3618,703.311,24.1344,742.593
-49.9255,631.392,-31.61,635.823
-31.61,635.823,6.79641,635.482
53.3618,703.311,85.3367,690.474
6.79641,635.482,53.3618,703.311
23.724,626.136,6.79641,635.482
200.295,-864.02,186.129,-901.628
200.295,-864.02,162.351,-838.134
170.491,-911.52,186.129,-901.628
186.129,-901.628,219.053,-925.18
312.94,-860.563,302.56,-845.864
312.94,-860.563,332.432,-859.301
309.69,-888.347,312.94,-860.563
302.599,-845.501,302.56,-845.864
309.69,-888.347,326.326,-1022.49
219.053,-925.18,309.69,-888.347
219.053,-925.18,221.245,-962.108
-952.177,-134.767,-927.65,-143.663
-938.971,-90.5603,-952.177,-134.767
-927.65,-143.663,-872.424,-129.974
-874.012,-98.7986,-906.583,-80.0626
-882.714,-46.8692,-906.583,-80.0626
-906.583,-80.0626,-938.971,-90.5603
-874.012,-98.7986,-825.031,-77.11
-872.424,-129.974,-874.012,-98.7986
-849.079,-144.976,-872.424,-129.974
-205.307,422.211,-204.947,420.513
-218.838,394.158,-204.947,420.513
-205.307,422.211,-243.741,433.641
-162.057,456.843,-205.307,422.211
-122.794,438.959,-162.057,456.843
-164.172,464.469,-162.057,456.843
107.266,590.684,88.9702,619.946
107.266,590.684,148.655,682.688
107.696,589.276,107.266,590.684
148.486,685.725,88.9702,619.946
88.9702,619.946,74.9571,634.833
107.696,589.276,173.016,601.517
83.5854,536.486,107.696,589.276
46.121,568.311,83.5854,536.486
46.121,568.311,-30.09,566.152
23.724,626.136,46.121,568.311
74.9571,634.833,23.724,626.136
74.9571,634.833,85.3367,690.474
242.481,317.078,245.621,286.277
223.266,206.424,245.621,286.277
245.621,286.277,344.517,194.552
223.266,206.424,344.517,194.552
344.517,194.552,346.632,193.214
370.888,230.902,381.12,238.676
346.632,193.214,370.888,230.902
347.155,183.9,346.632,193.214
780.439,236.47,787.35,280.315
780.439,236.47,818.093,223.114
770.343,233.46,780.439,236.47
823.649,301.931,787.35,280.315
787.35,280.315,750.375,332.239
750.375,332.239,728.215,341.084
723.28,354.155,728.215,341.084
728.215,341.084,692.691,251.089
750.375,332.239,815.027,339.454
692.691,251.089,770.343,233.46
756.735,167.425,770.343,233.46
692.691,251.089,691.81,250.592
-776.071,-468.343,-781.204,-450.544
-776.071,-468.343,-736.817,-530.377
-787.134,-564.173,-776.071,-468.343
-743.095,-462.255,-781.204,-450.544
-781.204,-450.544,-786.752,-445.373
-813.86,-471.328,-831.65,-534.335
-872.686,-518.107,-831.65,-534.335
-831.65,-534.335,-828.229,-539.711
-813.86,-471.328,-879.982,-459.26
-786.752,-445.373,-813.86,-471.328
-878.937,-591.878,-828.229,-539.711
-828.229,-539.711,-788.451,-564.223
-829.345,-632.517,-788.451,-564.223
-788.451,-564.223,-787.134,-564.173
-787.134,-564.173,-774.551,-565.731
845.049,906.793,872.68,915.262
872.68,915.262,894.271,870.853
915.021,947.323,922.858,962.038
925.348,910.161,915.021,947.323
925.348,910.161,987.463,889.608
894.271,870.853,925.348,910.161
892.347,862.301,894.271,870.853
-782.562,-58.5276,-732.01,30.5773
-782.562,-58.5276,-762.803,-68.6083
-820.787,-56.4841,-782.562,-58.5276
-701.267,-13.6747,-732.01,30.5773
-732.01,30.5773,-736.231,40.4472
-820.828,-56.4124,-820.787,-56.4841
-825.031,-77.11,-820.787,-56.4841
-820.828,-56.4124,-825.284,-54.2504
-783.827,61.6104,-820.828,-56.4124
-736.231,40.4472,-783.827,61.6104
-821.821,99.0348,-783.827,61.6104
-736.231,40.4472,-675.942,79.8105
-709.746,-504.257,-743.095,-462.255
-688.501,-432.138,-743.095,-462.255
-709.746,-504.257,-685.79,-495.424
-726.511,-523.726,-709.746,-504.257
-736.817,-530.377,-726.511,-523.726
-736.817,-530.377,-759.399,-559.121
-682.465,-558.069,-726.511,-523.726
-598.31,482.392,-640.014,493.477
-598.31,482.392,-582.038,484.824
-606.321,467.579,-598.31,482.392
-661.634,518.024,-640.014,493.477
-640.014,493.477,-659.491,464.326
-659.491,464.326,-645.463,441.246
-647.678,418.587,-645.463,441.246
-645.463,441.246,-621.905,449.779
-659.491,464.326,-685.292,446.451
-639.024,407.373,-621.905,449.779
-621.905,449.779,-606.321,467.579
-620.837,360.801,-606.321,467.579
471.861,-683.558,457.913,-648.807
492.17,-586.748,457.913,-648.807
457.913,-648.807,438.014,-632.671
471.861,-683.558,527.367,-696.432
434.623,-714.731,471.861,-683.558
359.377,-679.071,434.623,-714.731
359.377,-679.071,347.989,-679.62
391.54,-633.824,359.377,-679.071
420.444,-746.942,434.623,-714.731
430.431,-610.635,438.014,-632.671
438.014,-632.671,391.54,-633.824
391.54,-633.824,346.866,-599.928
603.28,206.596,618.121,207.44
578.881,225.89,603.28,206.596
645.6,167.398,618.121,207.44
618.121,207.44,688.99,243.771
578.881,225.89,540.239,216.701
588.578,259.835,578.881,225.89
673.254,262.194,588.578,259.835
673.254,262.194,641.242,300.902
691.81,250.592,673.254,262.194
580.044,296.029,588.578,259.835
688.99,243.771,691.81,250.592
688.99,243.771,695.7,149.682
912.422,-450.725,953.517,-471.394
912.422,-450.725,888.514,-480.757
899.061,-406.551,912.422,-450.725
924.332,-503.147,953.517,-471.394
953.517,-471.394,955.709,-470.704
943.381,-420.588,899.061,-406.551
943.381,-420.588,964.685,-410.368
955.709,-470.704,943.381,-420.588
1016.38,-476.38,955.709,-470.704
109.458,-897.225,123.333,-846.88
162.351,-838.134,123.333,-846.88
123.333,-846.88,96.4053,-810.815
109.458,-897.225,147.995,-919.51
93.9294,-902.413,109.458,-897.225
51.5224,-885.016,93.9294,-902.413
65.2286,-986.985,93.9294,-902.413
51.5224,-885.016,28.5488,-948.116
38.0124,-873.456,51.5224,-885.016
149.745,-768.842,96.4053,-810.815
96.4053,-810.815,92.6048,-809.536
101.713,-701.004,92.6048,-809.536
92.6048,-809.536,24.8151,-808.137
28.6785,-859.186,38.0124,-873.456
24.8151,-808.137,28.6785,-859.186
6.37714,-923.186,38.0124,-873.456
24.8151,-808.137,12.309,-794.273
2478.73,862.211,1215.91,634.509
947.245,624.576,1215.91,634.509
1215.91,634.509,997.039,551.43
2478.73,862.211,2081.98,853.07
6000,1129.26,2478.73,862.211
957.77,540.558,997.039,551.43
997.039,551.43,988.228,464.717
988.228,464.717,9797.1,324.078
988.228,464.717,978.335,464.174
9797.1,324.078,21796.9,393.074
-650.179,173.623,-640.371,168.344
-643.062,130.704,-640.371,168.344
-640.371,168.344,-610.27,187.446
-650.179,173.623,-687.318,169.381
-661.575,206.355,-650.179,173.623
-610.461,192.468,-661.575,206.355
-610.27,187.446,-610.461,192.468
-581.522,160.737,-610.27,187.446
-499.226,692.771,-538.095,681.154
-499.226,692.771,-495.268,703.285
-480.22,647.776,-499.226,692.771
-563.491,679.912,-538.095,681.154
-538.095,681.154,-534.778,597.087
-523.455,605.002,-480.22,647.776
-438.25,626.168,-480.22,647.776
-523.455,605.002,-445.872,582.71
-534.778,597.087,-523.455,605.002
-542.181,589.341,-534.778,597.087
465.094,897.732,439.05,940.225
505.654,1301.79,488.191,1167.6
910.575,637.356,922.368,742.853
910.575,637.356,947.245,624.576
895.182,626.993,910.575,637.356
989.916,762.283,922.368,742.853
922.368,742.853,921.902,743.05
895.182,626.993,902.018,598.233
864.064,621.428,895.182,626.993
856.603,793.578,921.902,743.05
921.902,743.05,819.456,683.525
819.456,683.525,819.615,681.257
747.049,624.6,819.615,681.257
819.615,681.257,864.064,621.428
819.456,683.525,785.339,732.967
847.655,605.222,864.064,621.428
-487.205,-596.059,-471.902,-567.467
-487.205,-596.059,-469.382,-598.723
-494.518,-597.425,-487.205,-596.059
-453.566,-545.335,-471.902,-567.467
-471.902,-567.467,-491.98,-521.156
-493.363,-520.111,-532.401,-564.96
-558.537,-563.788,-532.401,-564.96
-532.401,-564.96,-494.518,-597.425
-493.363,-520.111,-492.493,-514.055
-491.98,-521.156,-493.363,-520.111
-494.518,-597.425,-501.378,-629.928
-453.566,-545.335,-491.98,-521.156
633.115,-438.272,657.232,-379.847
633.115,-438.272,645.91,-447.346
588.028,-439.86,633.115,-438.272
732.315,-404.16,657.232,-379.847
657.232,-379.847,611.11,-340.572
588.028,-439.86,622.642,-513.967
554.321,-420.445,588.028,-439.86
587.754,-342.372,557.52,-404.235
587.754,-342.372,552.189,-299.041
611.11,-340.572,587.754,-342.372
495.349,-366.384,557.52,-404.235
557.52,-404.235,554.321,-420.445
648.268,-306.924,611.11,-340.572
554.321,-420.445,531.137,-441.024
-472.29,472.815,-471.726,481.394
-472.29,472.815,-389.455,461.848
-514.591,435.116,-472.29,472.815
-437.475,555.959,-471.726,481.394
-471.726,481.394,-501.004,531.715
-517.846,551.732,-525.939,558.312
-535.312,580.584,-525.939,558.312
-525.939,558.312,-562.854,476.024
-517.846,551.732,-476.254,560.77
-501.004,531.715,-517.846,551.732
-562.854,476.024,-514.591,435.116
-562.854,476.024,-582.038,484.824
-476.254,560.77,-501.004,531.715
-728.227,-243.781,-769.999,-267.179
-728.227,-243.781,-734.926,-220.986
-724.084,-251.155,-728.227,-243.781
-797.212,-223.701,-769.999,-267.179
-769.999,-267.179,-775.649,-290.646
-715.689,-300.334,-716.998,-298.244
-716.998,-298.244,-713.349,-287.917
-724.084,-251.155,-661.722,-233.767
-713.349,-287.917,-724.084,-251.155
-713.349,-287.917,-632.405,-261.741
972.422,-63.6117,984.102,-53.8442
975.156,-90.6068,972.422,-63.6117
933.955,-124.264,975.156,-90.6068
933.955,-124.264,940.383,-138.94
1125.9,-175.03,975.156,-90.6068
-497.293,924.299,-493.105,924.052
-463.065,909.983,-493.105,924.052
-497.293,924.299,-573.067,883.918
44.5834,916.316,94.6037,913.589
153.952,1567.28,44.5834,916.316
95.6913,913.249,94.6037,913.589
94.6037,913.589,173.509,1395.43
153.952,1567.28,86.5533,2850.67
173.509,1395.43,153.952,1567.28
666.769,755.21,721.341,808.645
732.3,769.895,721.341,808.645
721.341,808.645,720.464,838.049
638.971,790.721,666.769,755.21
652.907,823.882,638.971,790.721
652.907,823.882,609.002,864.021
720.464,838.049,652.907,823.882
583.014,763.166,638.971,790.721
724.245,842.788,720.464,838.049
-685.189,-189.682,-734.926,-220.986
-734.926,-220.986,-765.464,-205.281
-765.464,-205.281,-797.212,-223.701
-769.379,-153.676,-765.464,-205.281
-198.081,-601.404,-212.567,-603.301
-251.077,-548.818,-212.567,-603.301
-212.567,-603.301,-259.881,-666.308
-198.081,-601.404,-158.048,-583.061
-176.96,-662.209,-198.081,-601.404
-291.002,-597.472,-259.881,-666.308
-259.881,-666.308,-260.473,-676.029
-176.96,-662.209,-133.285,-639.434
-202.508,-688.813,-176.96,-662.209
-260.473,-676.029,-202.508,-688.813
-170.716,-726.845,-202.508,-688.813
518.527,-573.017,492.17,-586.748
444.701,-546.39,492.17,-586.748
518.527,-573.017,523.013,-564.695
561.788,-654.928,518.527,-573.017
536.762,-714.027,527.367,-696.432
527.367,-696.432,561.788,-654.928
-926.542,-486.385,-880.765,-462.582
-876.085,-513.704,-880.765,-462.582
-880.765,-462.582,-879.982,-459.26
-926.542,-486.385,-928.031,-508.953
-879.982,-459.26,-883.283,-448.128
162.351,-838.134,175.721,-777.381
148.156,-1001.54,147.995,-919.51
147.995,-919.51,170.491,-911.52
203.701,-966.204,170.491,-911.52
965.035,-25.3904,984.102,-53.8442
984.102,-53.8442,1102.26,-30.2562
966.443,11.6396,965.035,-25.3904
6482.04,-344.522,1102.26,-30.2562
1102.26,-30.2562,966.443,11.6396
955.661,21.2261,966.443,11.6396
877.717,-473.817,888.514,-480.757
888.514,-480.757,897.982,-505.773
924.332,-503.147,941.396,-526.05
897.982,-505.773,924.332,-503.147
-46.2795,29.8395,-44.5479,29.61
-11.0179,-1.53365,-44.5479,29.61
-44.5479,29.61,-12.7202,59.3784
-46.2795,29.8395,-77.8435,4.65534
-52.7431,39.7733,-46.2795,29.8395
-12.7202,59.3784,1.38912,63.465
-71.7503,105.251,-67.3317,103.058
-67.3317,103.058,-52.7431,39.7733
-52.7431,39.7733,-123.85,69.2426
-11.0179,-1.53365,47.1678,-0.821583
-14.69,-60.2626,-11.0179,-1.53365
-134.558,10.9262,-77.8435,4.65534
-77.8435,4.65534,-87.826,-55.4385
-30.1098,-85.9884,-14.69,-60.2626
-87.826,-55.4385,-30.1098,-85.9884
27.9453,-59.7954,-14.69,-60.2626
-87.826,-55.4385,-131.484,-77.4563
834.523,-473.479,877.717,-473.817
-899.977,-738.253,-915.41,-758.676
-952.999,-790.039,-915.41,-758.676
-915.41,-758.676,-878.984,-814.684
-899.977,-738.253,-907.408,-709.255
-863.329,-756.327,-899.977,-738.253
-878.984,-814.684,-863.445,-795.187
-863.445,-795.187,-863.329,-756.327
-878.984,-814.684,-901.513,-862.962
855.429,-12.5766,897.517,11.1725
951.719,18.791,897.517,11.1725
897.517,11.1725,903.815,45.6071
890.101,73.5899,906.562,83.1215
903.815,45.6071,890.101,73.5899
903.815,45.6071,955.872,32.1881
902.018,598.233,887.442,546.229
887.442,546.229,837.719,559.64
-671.372,110.865,-643.062,130.704
-671.372,110.865,-675.942,79.8105
-677.733,118.895,-671.372,110.865
-603.82,124.709,-643.062,130.704
-677.733,118.895,-763.309,153.393
-687.318,169.381,-677.733,118.895
65.2286,-986.985,32.8897,-965.094
109.034,-1091.05,65.2286,-986.985
28.5488,-948.116,32.8897,-965.094
-367.073,-238743,222.825,-9133.02
-367.073,-238743,-390.422,-250743
-147.335,-5384.22,-367.073,-238743
345.232,-1068.77,222.825,-9133.02
222.825,-9133.02,109.034,-1091.05
-57.6971,-1051.59,-147.335,-5384.22
109.034,-1091.05,148.156,-1001.54
-113.799,-962.48,-57.6971,-1051.59
-939.012,331.764,-946.848,294.814
-993.956,401.059,-939.012,331.764
-871.448,430.989,-903.74,388.672
-903.74,388.672,-993.956,401.059
-1035.29,428.726,-993.956,401.059
-922.31,-280.582,-876.719,-298.466
-444.884,906.008,-452.857,908.878
-392.699,1180.08,-452.857,908.878
-452.857,908.878,-463.065,909.983
-444.884,906.008,-396.518,919.386
-425.156,829.323,-444.884,906.008
-463.065,909.983,-508.138,806.099
-546.279,811.435,-508.138,806.099
-508.138,806.099,-478.844,788.809
-478.844,788.809,-436.25,802.229
-478.844,788.809,-479.799,765.166
-384.611,755.928,-436.25,802.229
-436.25,802.229,-425.156,829.323
-51.2278,632.831,-70.2126,665.274
-58.252,724.999,-70.2126,665.274
-70.2126,665.274,-149.441,684.366
-51.2278,632.831,-49.9255,631.392
-167.572,612.174,-51.2278,632.831
-143.809,752.509,-149.441,684.366
-149.441,684.366,-175.647,666.883
-183.841,669.077,-175.647,666.883
-175.647,666.883,-167.572,612.174
-167.572,612.174,-170.303,597.888
28.5488,-948.116,6.37714,-923.186
258.499,150.609,217.926,166.951
285.044,157.617,258.499,150.609
312.51,101.323,285.044,157.617
312.51,101.323,343.356,106.935
347.155,183.9,285.044,157.617
825.519,299.062,823.649,301.931
825.519,299.062,887.164,290.476
854.708,250.76,825.519,299.062
823.924,303.078,823.649,301.931
854.708,250.76,890.335,263.355
-389.455,461.848,-379.748,478.605
-315.019,511.934,-379.748,478.605
-379.748,478.605,-380.724,483.872
-389.455,461.848,-385.612,454.384
-377.263,559.52,-380.724,483.872
-380.724,483.872,-427.495,554.305
-377.263,559.52,-427.495,554.305
-427.495,554.305,-437.475,555.959
-437.475,555.959,-446.052,573.237
-469.382,-598.723,-439.423,-545.425
-469.382,-598.723,-426.146,-610.684
-418.396,-542.51,-439.423,-545.425
-439.423,-545.425,-453.566,-545.335
-452.523,-197.821,-455.315,-131.587
-411.051,-195.286,-452.523,-197.821
-411.051,-195.286,-418.652,-130.793
-370.077,-207.802,-411.051,-195.286
-371.939,-240.944,-370.077,-207.802
-362.354,-199.662,-370.077,-207.802
-371.939,-240.944,-291.479,-263.851
-373.4,-244.334,-371.939,-240.944
-339.697,-298.381,-373.4,-244.334
732.3,769.895,773.532,731.741
-821.821,99.0348,-820.022,108.809
-763.309,153.393,-820.022,108.809
-820.022,108.809,-840.759,154.677
-867.285,76.5335,-821.821,99.0348
-845.234,205.023,-840.759,154.677
-840.759,154.677,-941.41,184.141
-867.285,76.5335,-868.681,17.7834
-937.611,204.212,-941.41,184.141
112.942,832.474,116.843,840.434
112.942,832.474,119.79,818.378
116.843,840.434,95.6913,913.249
173.016,601.517,148.655,682.688
148.655,682.688,148.486,685.725
149.672,706.843,148.486,685.725
282.763,-400.484,319.532,-429.676
282.763,-400.484,267.439,-401.497
299.615,-335.843,282.763,-400.484
315.936,-460.34,319.532,-429.676
319.532,-429.676,368.29,-380.636
319.503,-321.839,299.615,-335.843
368.29,-380.636,369.869,-361.092
428.596,-330.826,369.869,-361.092
369.869,-361.092,319.503,-321.839
313.475,-274.551,319.503,-321.839
957.77,540.558,947.245,624.576
989.916,762.283,927.31,854.481
2081.98,853.07,989.916,762.283
1263.32,898.814,2081.98,853.07
-882.714,-46.8692,-825.284,-54.2504
-890.556,-29.3219,-882.714,-46.8692
-825.284,-54.2504,-868.681,17.7834
-868.681,17.7834,-890.556,-29.3219
169.621,212.428,217.08,194.622
169.621,212.428,147.354,203.934
145.523,260.295,169.621,212.428
217.926,166.951,217.08,194.622
217.08,194.622,223.266,206.424
145.523,260.295,120.472,250.528
375.032,-200.658,366.858,-241.044
332.611,-256.659,366.858,-241.044
366.858,-241.044,406.15,-229.267
375.032,-200.658,339.771,-199.15
387.646,-198.435,375.032,-200.658
416.727,-233.201,406.15,-229.267
406.15,-229.267,387.646,-198.435
387.646,-198.435,388.01,-197.094
714.723,-2394.56,614.772,-1199.82
614.772,-1199.82,668.259,-940.598
668.259,-940.598,624.065,-904.456
658.396,-865.737,624.065,-904.456
624.065,-904.456,595.157,-897.835
668.259,-940.598,723.424,-918.013
595.157,-897.835,573.188,-927.174
595.157,-897.835,585.344,-874
516.785,-902.281,573.188,-927.174
308.423,-471.795,315.936,-460.34
308.423,-471.795,338.881,-521.278
381.678,-465.74,315.936,-460.34
-759.221,692.135,-758.352,699.743
-737.51,671.359,-759.221,692.135
-737.51,671.359,-701.591,686.264
8006.73,1.36751e+06,8075.38,1.37951e+06
8006.73,1.36751e+06,505.654,1301.79
53.1924,3925.44,8006.73,1.36751e+06
-392.699,1180.08,-358.559,1017.16
-393.847,923.933,-358.559,1017.16
-358.559,1017.16,-284.052,940.618
-284.052,940.618,-184.95,1011.27
-184.847,1005.18,-184.95,1011.27
-184.95,1011.27,-172.8,1035.29
-284.052,940.618,-284.772,933.174
-141.153,997.106,-172.8,1035.29
-172.8,1035.29,53.1924,3925.44
76.7904,3118.16,53.1924,3925.44
-809.771,440.399,-764.547,463.416
-764.547,463.416,-760.132,462.941
-732.373,490.253,-781.566,560.215
-732.373,490.253,-730.219,491.264
-760.132,462.941,-732.373,490.253
-760.132,462.941,-750.031,449.521
-834.297,-285.038,-849.323,-295.149
-715.689,-300.334,-599.349,-321.102
-675.078,-389.072,-715.689,-300.334
-675.078,-389.072,-674.337,-389.438
99.2122,153.657,93.4909,202.978
128.473,194.711,93.4909,202.978
93.4909,202.978,87.5518,207.549
99.2122,153.657,110.796,144.387
75.6187,160.519,99.2122,153.657
49.8193,249.448,87.5518,207.549
87.5518,207.549,75.6187,160.519
-226.517,32.1267,-209.383,107.107
-209.383,107.107,-181.268,116.148
-176.096,125.129,-180.905,158.375
-168.992,175.626,-180.905,158.375
-180.905,158.375,-259.707,183.772
-176.096,125.129,-129.018,135.864
-181.268,116.148,-176.096,125.129
-225.508,218.69,-259.707,183.772
-162.226,91.4165,-181.268,116.148
297.825,-645.597,277.484,-595.102
227.386,-582.117,234.281,-596.9
227.386,-582.117,183.295,-540.486
-202.146,550.376,-183.997,516.616
-202.146,550.376,-215.28,544.467
-199.699,554.951,-202.146,550.376
-185.495,488.778,-183.997,516.616
-199.699,554.951,-238.749,588.764
-167.882,586.309,-199.699,554.951
-170.303,597.888,-167.882,586.309
610.658,152.722,645.6,167.398
695.7,149.682,645.6,167.398
920.334,-313.342,940.321,-295.734
954.239,-288.884,940.321,-295.734
800.953,-301.934,920.334,-313.342
767.83,-304.887,800.953,-301.934
1004.65,-292.938,954.239,-288.884
913.477,-205.707,954.239,-288.884
1004.65,-292.938,1387.6,-254.234
964.685,-410.368,1004.65,-292.938
1016.38,-476.38,964.685,-410.368
-272.369,363.36,-246.985,358.623
-211.316,337.989,-246.985,358.623
-246.985,358.623,-218.838,394.158
-272.369,363.36,-301.593,312.634
-286.439,411.637,-272.369,363.36
-211.316,337.989,-218.838,394.158
-253.956,432.43,-286.439,411.637
-253.956,432.43,-272.953,492.402
-243.741,433.641,-253.956,432.43
-308.354,418.218,-286.439,411.637
-243.741,433.641,-224.279,490.436
-705.16,-35.5552,-701.267,-13.6747
-705.16,-35.5552,-644.734,-86.4909
-717.653,-59.2188,-705.16,-35.5552
-666.855,-13.4043,-701.267,-13.6747
-762.803,-68.6083,-717.653,-59.2188
-707.833,-96.3088,-717.653,-59.2188
-762.803,-68.6083,-762.243,-140.254
-606.259,-940.982,-583.453,-914.428
-606.259,-940.982,-589.02,-1068.83
-669.655,-925.104,-606.259,-940.982
-572.485,-908.474,-583.453,-914.428
-583.453,-914.428,-656.486,-859.625
-656.486,-859.625,-683.008,-911.319
-656.486,-859.625,-649.262,-815.023
-698.4,-913.36,-683.008,-911.319
-683.008,-911.319,-669.655,-925.104
-669.655,-925.104,-669.412,-932.799
-58.252,724.999,-102.522,762.11
-0.0706365,758.903,-58.252,724.999
-0.0706365,758.903,-53.8503,818.255
-55.3813,592.766,-49.9255,631.392
185.248,-162.049,97.9006,-194.584
97.9006,-194.584,97.1262,-194.396
76.2088,-287.208,-43.9849,-346.405
55.2059,-254.717,76.2088,-287.208
97.1262,-194.396,66.2838,-196.29
52.4168,-175.855,66.2838,-196.29
66.2838,-196.29,55.2059,-254.717
97.1262,-194.396,124.715,-119.804
13.6711,-250.272,55.2059,-254.717
-435.399,-111.11,-455.315,-131.587
-455.315,-131.587,-497.484,-136.15
-497.484,-136.15,-510.699,-184.262
-497.484,-136.15,-508.934,-125.659
-540.637,-170.227,-510.699,-184.262
694.565,429.473,711.466,401.595
694.565,429.473,619.933,400.904
693.709,450.576,694.565,429.473
716.532,363.771,711.466,401.595
711.466,401.595,796.156,427.846
837.719,559.64,805.146,505.939
805.146,505.939,741.629,522.896
721.36,506.895,693.709,450.576
721.36,506.895,662.011,528.678
741.629,522.896,721.36,506.895
628.329,472.449,693.709,450.576
741.629,522.896,729.317,596.058
445.257,-59.2458,501.37,-81.0148
501.989,-82.7403,501.37,-81.0148
501.37,-81.0148,505.543,-24.6045
445.257,-59.2458,439.883,-119.464
416.148,-23.8907,445.257,-59.2458
530.92,-18.3256,505.543,-24.6045
416.148,-23.8907,409.615,-22.2397
-197.491,328.277,-211.316,337.989
-301.593,312.634,-208.014,316.169
-229.084,269.681,-208.014,316.169
-208.014,316.169,-197.491,328.277
-683.976,-563.981,-677.086,-581.775
-683.976,-563.981,-723.925,-573.806
-682.465,-558.069,-683.976,-563.981
-712.706,-586.55,-677.086,-581.775
-677.086,-581.775,-666.832,-596.477
-629.518,-605.075,-648.444,-526.97
-629.518,-605.075,-614.636,-605.178
-632.73,-606.738,-629.518,-605.075
-644.999,-512.117,-648.444,-526.97
-648.444,-526.97,-682.465,-558.069
-632.73,-606.738,-656.017,-652.85
-666.832,-596.477,-632.73,-606.738
-666.832,-596.477,-701.051,-612.027
216.608,85.5271,201.296,147.176
217.926,166.951,201.296,147.176
201.296,147.176,193.121,145.136
159.711,167.222,193.121,145.136
193.121,145.136,123.254,108.412
109.123,77.514,99.7915,71.3589
123.254,108.412,109.123,77.514
110.796,144.387,123.254,108.412
-809.771,440.399,-831.931,480.037
-831.931,480.037,-874.945,469.146
-825.56,412.967,-809.771,440.399
-880.92,522.1,-874.945,469.146
-874.945,469.146,-884.864,447.761
-871.448,430.989,-825.56,412.967
-818.232,378.632,-825.56,412.967
-884.864,447.761,-871.448,430.989
-974.305,459.52,-884.864,447.761
888.883,-938.14,842.071,-966.771
811.868,-933.052,842.071,-966.771
842.071,-966.771,788.534,-1273.45
888.883,-938.14,893.148,-930.912
5814.24,-6000,888.883,-938.14
745.363,-982.659,788.534,-1273.45
788.534,-1273.45,714.723,-2394.56
714.723,-2394.56,770.208,-6000
-726.034,-638.529,-733.058,-653.333
-733.058,-653.333,-695.518,-725.275
-726.034,-638.529,-772.337,-565.587
-711.925,-631.831,-726.034,-638.529
-682.913,-736.925,-653.318,-707.906
-594.118,-700.034,-653.318,-707.906
-653.318,-707.906,-656.017,-652.85
-682.913,-736.925,-687.313,-776.235
-695.518,-725.275,-682.913,-736.925
-656.017,-652.85,-711.925,-631.831
-701.051,-612.027,-711.925,-631.831
811.868,-933.052,745.363,-982.659
793.726,-906.856,811.868,-933.052
871.321,-871.524,820.615,-879.129
819.577,-842.753,820.615,-879.129
820.615,-879.129,793.726,-906.856
871.321,-871.524,875.626,-862.524
893.148,-930.912,871.321,-871.524
939.394,-910.359,893.148,-930.912
742.508,-893.118,793.726,-906.856
-336.98,45.8064,-297.572,82.6991
-297.572,82.6991,-226.963,31.4886
-226.963,31.4886,-226.517,32.1267
-196.292,46.0145,-226.517,32.1267
-647.678,418.587,-687.899,439.3
-639.024,407.373,-647.678,418.587
-685.292,446.451,-687.899,439.3
-687.899,439.3,-704.186,425.109
-620.837,360.801,-639.024,407.373
-750.031,449.521,-704.186,425.109
-704.186,425.109,-703.945,392.69
-751.794,363.116,-703.945,392.69
550.972,912.735,556.202,909.739
550.972,912.735,502.963,891.051
556.202,909.739,590.276,937.266
590.276,937.266,624.475,940.371
-876.085,-513.704,-872.686,-518.107
-928.031,-508.953,-876.085,-513.704
649.703,638.604,670.289,611.761
655.016,592.427,670.289,611.761
670.289,611.761,729.317,596.058
649.703,638.604,585.471,640.324
747.049,624.6,731.254,688.661
746.234,618.864,747.049,624.6
773.532,731.741,731.254,688.661
746.234,618.864,847.655,605.222
729.317,596.058,746.234,618.864
396.078,-750.707,420.444,-746.942
302.599,-845.501,396.078,-750.707
-819.049,-101.724,-825.031,-77.11
858.339,821.721,867.085,839.697
892.347,862.301,867.085,839.697
867.085,839.697,841.489,888.306
858.339,821.721,856.603,793.578
813.65,852.883,858.339,821.721
841.489,888.306,807.576,891.929
841.489,888.306,845.049,906.793
804.227,900.858,807.576,891.929
807.576,891.929,804.551,882.604
804.551,882.604,813.65,852.883
732.836,847.325,813.65,852.883
804.551,882.604,755.95,867.724
-473.767,-893.8,-502.908,-949.572
-486.11,-873.587,-473.767,-893.8
-519.057,-867.939,-486.11,-873.587
661.652,-157.372,673.379,-99.8108
661.652,-157.372,729.98,-182.972
630.52,-166.958,661.652,-157.372
690.084,-102.121,673.379,-99.8108
673.379,-99.8108,667.179,-90.4546
620.264,-86.4854,630.52,-166.958
620.264,-86.4854,601.692,-74.5887
667.179,-90.4546,620.264,-86.4854
625.408,-170.913,630.52,-166.958
667.179,-90.4546,688.111,-29.051
-188.997,-253.41,-164.9,-180.457
-164.9,-180.457,-123.617,-161.833
-123.617,-161.833,-131.484,-77.4563
-131.484,-77.4563,-192.88,-34.4885
-123.617,-161.833,-115.331,-164.004
-134.558,10.9262,-192.88,-34.4885
820.075,920.313,841.495,911.455
841.495,911.455,845.049,906.793
641.242,300.902,664.557,349.22
664.557,349.22,716.532,363.771
576.011,431.062,619.933,400.904
723.28,354.155,716.532,363.771
-959.87,-719.366,-952.999,-790.039
-959.87,-719.366,-970.849,-716.973
-911.982,-706.039,-959.87,-719.366
-974.259,-819.344,-952.999,-790.039
-907.408,-709.255,-911.982,-706.039
-937.603,-649.078,-911.982,-706.039
-907.408,-709.255,-857.734,-681.233
89.8735,50.8265,1.38912,63.465
1.38912,63.465,36.0112,123.17
99.7915,71.3589,36.0112,123.17
413.354,137.243,404.223,150.564
496.546,145.928,413.354,137.243
564.662,596.288,523.511,545.022
564.662,596.288,564.778,597.763
605.995,560.422,564.662,596.288
483.814,589.992,523.511,545.022
523.511,545.022,519.343,525.317
607.745,531.239,605.995,560.422
644.136,574.198,605.995,560.422
607.745,531.239,628.389,519.631
579.55,511.336,607.745,531.239
549.694,506.302,579.55,511.336
549.694,506.302,571.061,431.161
519.343,525.317,549.694,506.302
618.842,469.63,579.55,511.336
519.343,525.317,512.168,521.267
1263.32,898.814,922.858,962.038
922.858,962.038,913.327,1008.29
1182.71,12579.9,913.327,1008.29
342.184,-611.98,297.825,-645.597
347.989,-679.62,342.184,-611.98
346.866,-599.928,342.184,-611.98
52.7378,-499.113,40.3912,-529.67
18.7313,-507.34,40.3912,-529.67
40.3912,-529.67,41.9806,-542.117
52.7378,-499.113,31.71,-468.135
99.3197,-504.438,52.7378,-499.113
-1.00464,-548.587,41.9806,-542.117
41.9806,-542.117,50.581,-548.531
99.3197,-504.438,124.363,-481.299
95.2891,-514.115,99.3197,-504.438
50.581,-548.531,95.2891,-514.115
50.581,-548.531,76.544,-618.574
108.605,-585.723,95.2891,-514.115
565.538,771.02,572.455,770.231
572.455,770.231,583.014,763.166
638.018,927.344,609.002,864.021
595.871,722.361,583.014,763.166
-675.942,79.8105,-665.603,74.9542
-603.82,124.709,-581.522,160.737
-598.604,112.727,-603.82,124.709
-598.604,112.727,-580.494,81.8443
-665.603,74.9542,-598.604,112.727
-665.603,74.9542,-631.79,55.9053
832.085,-669.071,876.426,-649.064
832.085,-669.071,841.709,-717.182
783.36,-599.358,832.085,-669.071
783.36,-599.358,773.252,-600.567
-3.17108,-140.169,79.4933,-99.1341
4.36996,-166.357,-3.17108,-140.169
-67.7378,-205.794,-5.95122,-176.919
13.6711,-250.272,-5.95122,-176.919
-5.95122,-176.919,4.36996,-166.357
-67.7378,-205.794,-63.4674,-233.78
-115.331,-164.004,-67.7378,-205.794
4.36996,-166.357,52.4168,-175.855
436.115,741.164,435.136,750.512
436.115,741.164,489.882,698.001
400.845,703.813,436.115,741.164
465.493,798.768,435.136,750.512
397.227,701.237,400.845,703.813
397.227,701.237,394.095,679.193
344.909,701.316,397.227,701.237
448.828,632.434,400.845,703.813
344.909,701.316,292.458,631.976
294.602,788.781,344.909,701.316
231.198,709.466,294.602,788.781
-121.283,867.373,-71.9386,818.499
-102.522,762.11,-71.9386,818.499
-71.9386,818.499,-53.8503,818.255
-121.283,867.373,-129.27,865.861
-89.1478,907.323,-121.283,867.373
-17.5275,957.703,-63.2172,901.75
-63.2172,901.75,-89.1478,907.323
-89.1478,907.323,-90.7557,927.745
555.619,319.348,580.044,296.029
548.559,319.25,555.619,319.348
504.661,390.604,505.017,360.046
462.747,350.603,505.017,360.046
505.017,360.046,527.157,323.423
504.661,390.604,438.237,400.596
515.672,412.516,504.661,390.604
563.243,425.77,518.254,414.769
563.243,425.77,571.061,431.161
516.025,423.27,518.254,414.769
518.254,414.769,515.672,412.516
491.326,288.314,527.157,323.423
527.157,323.423,548.559,319.25
515.672,412.516,468.009,439.601
534.928,220.579,548.559,319.25
523.013,-564.695,516.43,-544.247
560.012,-505.201,516.43,-544.247
516.43,-544.247,509.78,-536.066
523.013,-564.695,560.094,-561.348
509.78,-536.066,464.702,-516.198
509.78,-536.066,534.47,-456.047
463.492,-506.371,464.702,-516.198
464.702,-516.198,444.701,-546.39
444.701,-546.39,443.819,-546.831
-632.405,-261.741,-661.722,-233.767
-661.722,-233.767,-685.189,-189.682
-677.728,-172.657,-685.189,-189.682
-772.337,-565.587,-774.551,-565.731
-772.337,-565.587,-759.399,-559.121
-692.078,823.919,-636.806,809.115
-622.502,785.782,-636.806,809.115
-636.806,809.115,-611.122,885.259
-692.078,823.919,-713.818,815.591
-640.167,897.653,-692.078,823.919
-611.122,885.259,-640.167,897.653
-611.122,885.259,-573.163,883.959
-659.82,919.935,-640.167,897.653
729.98,-182.972,747.599,-182.311
747.599,-182.311,752.167,-133.735
752.167,-133.735,690.084,-102.121
752.167,-133.735,775.076,-89.0107
758.362,-35.1329,690.084,-102.121
-86.2728,-680.492,-80.8509,-673.555
-80.8509,-673.555,-47.4081,-647.712
21.1734,-649.584,-47.4081,-647.712
-47.4081,-647.712,-40.0176,-598.246
4.22065,-598.641,-40.0176,-598.246
-40.0176,-598.246,-54.4434,-583.621
-54.4434,-583.621,-14.7554,-538.482
-417.854,-95.0972,-386.54,-91.6409
-419.355,-96.2063,-417.854,-95.0972
-482.266,-10.6911,-457.741,-25.8245
-457.741,-25.8245,-451.314,-66.0756
-419.355,-96.2063,-431.145,-109.484
-451.314,-66.0756,-419.355,-96.2063
-451.314,-66.0756,-509.291,-40.3475
735.406,-423.962,827.536,-438.095
827.536,-438.095,834.523,-473.479
826.174,-493.348,834.523,-473.479
-502.908,-949.572,-468.669,-1023.16
-543.994,-1875.71,-468.669,-1023.16
-502.908,-949.572,-539.032,-934.412
-610.524,-266.62,-632.405,-261.741
-901.513,-862.962,-896.877,-868.707
-893.855,-880.692,-896.877,-868.707
-896.877,-868.707,-780.52,-827.435
-901.513,-862.962,-939.649,-845.586
-784.301,-903.15,-780.52,-827.435
-102.522,762.11,-135.661,758.558
-146.991,846.766,-135.661,758.558
-135.661,758.558,-143.809,752.509
-143.809,752.509,-199.172,767.383
767.83,-304.887,760.12,-268.817
761.774,-325.649,767.83,-304.887
754.78,-336.608,761.774,-325.649
754.78,-336.608,748.261,-369.728
648.268,-306.924,754.78,-336.608
745.363,-982.659,723.424,-918.013
-126.839,-516.552,-108.374,-516.659
-108.374,-516.659,-69.8416,-498.019
-126.839,-516.552,-137.987,-528.274
-152.729,-444.687,-126.839,-516.552
-69.8416,-498.019,-116.64,-419.483
-69.8416,-498.019,-48.9993,-499.897
-115.226,-417.344,-116.64,-419.483
-116.64,-419.483,-152.729,-444.687
-152.729,-444.687,-169.536,-444.949
597.769,-72.8932,570.779,-89.6163
530.92,-18.3256,570.779,-89.6163
570.779,-89.6163,557.3,-103.246
597.769,-72.8932,600.726,10.2395
601.692,-74.5887,597.769,-72.8932
501.989,-82.7403,557.3,-103.246
557.3,-103.246,557.343,-103.977
539.929,-149.571,557.343,-103.977
557.343,-103.977,625.408,-170.913
688.111,-29.051,601.692,-74.5887
625.408,-170.913,610.782,-198.833
124.363,-481.299,144.697,-490.488
144.697,-490.488,189.489,-518.785
183.295,-540.486,189.489,-518.785
564.778,597.763,564.666,616.313
564.778,597.763,655.016,592.427
569.383,628.048,564.666,616.313
564.666,616.313,483.759,622.414
470.733,638.712,483.759,622.414
483.759,622.414,483.814,589.992
443.71,572.734,483.814,589.992
433.425,-120.004,402.213,-137.811
433.425,-120.004,385.828,-35.3044
439.883,-119.464,433.425,-120.004
378.402,-84.9838,402.213,-137.811
402.213,-137.811,400.531,-140.051
466.248,-126.097,439.883,-119.464
466.248,-126.097,501.989,-82.7403
479.412,-157.127,466.248,-126.097
400.531,-140.051,425.849,-179.492
388.01,-197.094,425.849,-179.492
425.849,-179.492,439.416,-189.444
400.531,-140.051,394.72,-142.561
479.412,-157.127,494.543,-166.104
439.416,-189.444,479.412,-157.127
439.416,-189.444,438.119,-227.207
1182.71,12579.9,1569.61,24573.7
796.525,1979.1,1182.71,12579.9
796.525,1979.1,817.073,973.104
712.797,987.882,796.525,1979.1
612.794,989.691,712.797,987.882
612.794,989.691,624.475,940.371
505.654,1301.79,612.794,989.691
712.672,972.817,712.797,987.882
-696.836,469.706,-730.219,491.264
-730.219,491.264,-698.825,530.793
-698.825,530.793,-667.724,528.609
-345.382,-335.111,-334.689,-343.783
-345.382,-335.111,-425.751,-335.28
-339.697,-298.381,-345.382,-335.111
-361.38,-407.056,-334.689,-343.783
-334.689,-343.783,-292.872,-354.25
-292.644,-274.622,-339.697,-298.381
-293.581,-378.389,-292.872,-354.25
-292.872,-354.25,-265,-335.52
-211.658,-334.577,-265,-335.52
-265,-335.52,-292.644,-274.622
-292.644,-274.622,-291.479,-263.851
-652.338,-6000,-642.64,-5396
-541.261,-2313.12,-642.64,-5396
-642.64,-5396,-778.688,-966.115
-778.688,-966.115,-870.246,-941.823
-778.688,-966.115,-768.551,-946.98
-893.901,-882.005,-870.246,-941.823
-870.246,-941.823,-937.448,-1052.06
-937.448,-1052.06,-2493.63,-6000
-937.448,-1052.06,-943.973,-934.434
-928.63,516.792,-880.92,522.1
534.928,220.579,540.239,216.701
479.879,-945.217,449.655,-939.849
442.898,-904.058,449.655,-939.849
449.655,-939.849,345.232,-1068.77
479.879,-945.217,516.785,-902.281
345.232,-1068.77,326.326,-1022.49
86.07,22.0551,89.8735,50.8265
59.7748,3.7087,86.07,22.0551
99.7915,71.3589,89.8735,50.8265
47.1678,-0.821583,59.7748,3.7087
67.367,-62.246,59.7748,3.7087
47.1678,-0.821583,37.0228,-44.1023
-372.529,-163.094,-418.652,-130.793
-418.652,-130.793,-431.145,-109.484
-431.145,-109.484,-435.399,-111.11
-435.399,-111.11,-505.929,-68.5735
-348.392,679.467,-296.637,726.867
-296.637,726.867,-285.724,722.668
-266.382,678.542,-285.724,722.668
-285.724,722.668,-271.286,732.344
-216.365,747.064,-271.286,732.344
-582.038,484.824,-587.575,554.073
-587.575,554.073,-646.638,564.443
-587.575,554.073,-555.343,590.314
-656.89,631.512,-646.638,564.443
-646.638,564.443,-667.724,528.609
-661.634,518.024,-696.836,469.706
-667.724,528.609,-661.634,518.024
-688.501,-432.138,-674.337,-389.438
-685.79,-495.424,-688.501,-432.138
-644.999,-512.117,-685.79,-495.424
-822.825,717.943,-758.352,699.743
-758.352,699.743,-755.716,705.784
-850.751,758.793,-822.825,717.943
-712.106,733.692,-755.716,705.784
-755.716,705.784,-790.152,763.295
-715.454,791.655,-790.152,763.295
-790.152,763.295,-820.436,778.101
-850.751,758.793,-859.116,756.888
-843.405,764.148,-850.751,758.793
-820.436,778.101,-843.405,764.148
-811.856,807.94,-820.436,778.101
-532.922,-400.575,-516.307,-418.846
-533.114,-463.933,-516.307,-418.846
-532.922,-400.575,-590.709,-422.782
-541.51,-379.595,-532.922,-400.575
-438.752,-366.938,-438.759,-366.704
-433.997,-349.628,-438.759,-366.704
-438.759,-366.704,-497.754,-358.213
-438.752,-366.938,-361.38,-407.056
-541.24,-318.807,-497.754,-358.213
-497.754,-358.213,-541.51,-379.595
-541.51,-379.595,-588.914,-333.041
-307.635,503.609,-308.354,418.218
-307.635,503.609,-315.019,511.934
-272.953,492.402,-307.635,503.609
-328.655,415.515,-308.354,418.218
-264.397,496.67,-272.953,492.402
-414.151,116.84,-338.711,144.56
-414.151,116.84,-383.157,95.3704
-444.441,120.486,-414.151,116.84
-367.089,97.3013,-338.711,144.56
-449.671,148.915,-444.441,120.486
-454.461,92.7423,-444.441,120.486
-449.671,148.915,-503.592,146.7
-436.144,210.22,-449.671,148.915
938.214,386.826,929.397,391.482
978.335,464.174,929.397,391.482
929.397,391.482,924.89,390.844
924.89,390.844,912.468,369.235
884.191,343.079,912.468,369.235
-47.007,358.857,-32.8564,323.786
-47.007,358.857,-65.8359,362.749
-26.4561,372.834,-47.007,358.857
-35.6062,315.18,-32.8564,323.786
-32.8564,323.786,48.4798,313.366
29.6411,345.537,-26.4561,372.834
48.4798,313.366,29.6411,345.537
55.6486,307.574,48.4798,313.366
-168.992,175.626,-123.323,175.413
-182.797,218.584,-168.992,175.626
-117.566,151.77,-123.323,175.413
-182.797,218.584,-225.508,218.69
-901.689,249.595,-935.992,271.596
-901.689,249.595,-897.061,250.207
-937.611,204.212,-901.689,249.595
-946.848,294.814,-935.992,271.596
-935.992,271.596,-986.478,242.769
-986.478,242.769,-937.611,204.212
-1032.73,244.689,-986.478,242.769
569.389,5.91542,530.92,-18.3256
569.389,5.91542,525.405,38.2927
600.726,10.2395,569.389,5.91542
-158.131,-581.467,-140.987,-538.982
-158.131,-581.467,-158.048,-583.061
-187.782,-555.125,-158.131,-581.467
-140.987,-538.982,-137.987,-528.274
-187.782,-555.125,-232.113,-549.531
-191.077,-530.751,-187.782,-555.125
-137.987,-528.274,-172.793,-517.349
-172.793,-517.349,-190.186,-517.052
-242.428,-476.345,-190.186,-517.052
-190.186,-517.052,-191.077,-530.751
-172.793,-517.349,-169.536,-444.949
-232.113,-549.531,-191.077,-530.751
173.016,601.517,193.63,592.22
913.702,-194.578,940.383,-138.94
940.383,-138.94,1125.9,-175.03
1387.6,-254.234,1125.9,-175.03
829.093,-727.075,841.709,-717.182
841.709,-717.182,911.544,-719.812
912.599,-729.632,911.544,-719.812
892.769,271.045,890.335,263.355
892.769,271.045,887.164,290.476
890.335,263.355,898.45,254.08
119.79,818.378,212.491,838.708
119.79,818.378,142.846,760.564
148.49,755.798,212.491,838.708
-558.862,-471.92,-533.114,-463.933
-501.361,-485,-533.114,-463.933
-558.862,-471.92,-586.52,-506.821
-590.709,-422.782,-558.862,-471.92
-590.709,-422.782,-640.28,-385.09
-433.997,-349.628,-497.522,-319.377
-425.751,-335.28,-433.997,-349.628
-346.385,-434.294,-361.38,-407.056
-878.937,-591.878,-922.614,-578.053
-856.52,-633.921,-878.937,-591.878
-872.686,-518.107,-922.614,-578.053
-856.52,-633.921,-849.48,-638.365
-937.603,-649.078,-856.52,-633.921
-958.379,-632.117,-937.603,-649.078
-958.379,-632.117,-984.649,-702.66
-158.048,-583.061,-139.258,-601.228
-139.258,-601.228,-133.285,-639.434
-86.2728,-680.492,-86.0199,-684.493
-133.285,-639.434,-86.2728,-680.492
-364.503,-1128.72,-541.261,-2313.12
-399.009,723.424,-479.799,765.166
-399.009,723.424,-384.611,755.928
-400.688,718.226,-399.009,723.424
-479.799,765.166,-488.029,710.932
-400.688,718.226,-377.777,688.933
-418.256,708.879,-400.688,718.226
-488.029,710.932,-418.256,708.879
-488.029,710.932,-495.268,703.285
-434.61,627.796,-418.256,708.879
-362.354,-199.662,-362.29,-199.552
-287.566,-238.887,-362.354,-199.662
-284.155,-253.264,-287.566,-238.887
-276.865,-183.582,-287.566,-238.887
-284.155,-253.264,-209.372,-248.394
-291.479,-263.851,-284.155,-253.264
856.603,793.578,829.574,782.929
927.31,854.481,892.347,862.301
927.31,854.481,987.463,889.608
79.4933,-99.1341,78.6722,-97.307
78.6722,-97.307,78.9313,-96.1339
67.367,-62.246,37.0228,-44.1023
78.9313,-96.1339,67.367,-62.246
37.0228,-44.1023,27.9453,-59.7954
133.642,200.355,147.354,203.934
147.354,203.934,159.711,167.222
159.711,167.222,129.317,182.294
-129.27,865.861,-146.991,846.766
-129.27,865.861,-148.483,884.647
-175.386,837.444,-146.991,846.766
-362.092,-103.122,-386.54,-91.6409
-386.54,-91.6409,-354.321,7.32792
-357.305,11.4882,-336.98,45.8064
-354.321,7.32792,-357.305,11.4882
-759.399,-559.121,-723.925,-573.806
-723.925,-573.806,-712.706,-586.55
-712.706,-586.55,-701.051,-612.027
490.889,698.028,555.016,768.733
565.538,771.02,555.016,768.733
555.016,768.733,465.493,798.768
490.889,698.028,504.598,692.42
489.882,698.001,490.889,698.028
467.148,814.329,465.493,798.768
489.882,698.001,470.733,638.712
191.027,27.2932,186.754,11.1051
186.754,11.1051,205.803,-47.0191
191.027,27.2932,162.429,18.3605
-609.504,19.6907,-605.241,18.1702
-562.602,-15.9331,-605.241,18.1702
-605.241,18.1702,-566.009,27.3353
-609.504,19.6907,-633.064,-24.1662
-619.439,53.5343,-609.504,19.6907
-553.692,17.8701,-566.009,27.3353
-566.009,27.3353,-587.75,72.7849
-580.494,81.8443,-587.75,72.7849
-587.75,72.7849,-619.439,53.5343
-631.79,55.9053,-619.439,53.5343
-535.312,580.584,-542.181,589.341
-455.619,571.861,-535.312,580.584
-476.254,560.77,-455.619,571.861
-446.052,573.237,-455.619,571.861
423.437,-757.685,420.444,-746.942
-538.097,-316.644,-541.24,-318.807
-497.522,-319.377,-538.097,-316.644
-588.914,-333.041,-541.24,-318.807
-383.157,95.3704,-367.089,97.3013
-383.157,95.3704,-393.855,28.2781
-336.98,45.8064,-367.089,97.3013
374.422,-38.0976,385.828,-35.3044
385.828,-35.3044,409.615,-22.2397
374.422,-38.0976,378.402,-84.9838
368.374,-37.4493,374.422,-38.0976
359.945,71.2242,343.356,106.935
395.075,62.6564,359.945,71.2242
410.108,-16.5156,395.075,62.6564
409.615,-22.2397,410.108,-16.5156
351.773,-54.9222,368.374,-37.4493
-20.4454,295.16,-35.6062,315.18
560.094,-561.348,570.791,-553.805
570.791,-553.805,585.502,-523.95
622.642,-513.967,585.502,-523.95
585.502,-523.95,560.012,-505.201
560.012,-505.201,534.47,-456.047
-644.734,-86.4909,-625.679,-80.0103
-644.734,-86.4909,-665.587,-106.243
-605.674,-142.73,-625.679,-80.0103
-625.679,-80.0103,-622.705,-76.218
-625.458,-34.0518,-633.064,-24.1662
-625.458,-34.0518,-562.602,-15.9331
-620.259,-67.7255,-625.458,-34.0518
-633.064,-24.1662,-666.855,-13.4043
-620.259,-67.7255,-567.294,-56.8951
-622.705,-76.218,-620.259,-67.7255
-569.842,-99.2628,-622.705,-76.218
-666.855,-13.4043,-631.79,55.9053
-23.8437,548.48,-79.992,492.772
-30.09,566.152,-23.8437,548.48
196.537,-155.114,185.248,-162.049
-510.67,-41.4765,-534.668,-37.1289
-540.385,-35.2462,-534.668,-37.1289
-534.668,-37.1289,-560.494,-104.322
-510.67,-41.4765,-509.291,-40.3475
-505.929,-68.5735,-510.67,-41.4765
-563.789,-106.653,-560.494,-104.322
-560.494,-104.322,-512.572,-86.395
-512.572,-86.395,-505.929,-68.5735
-512.572,-86.395,-508.934,-125.659
518.953,102.111,531.866,57.6102
525.405,38.2927,531.866,57.6102
-223.353,890.731,-194.953,960.338
-184.56,894.712,-223.353,890.731
-184.847,1005.18,-148.483,884.647
-148.483,884.647,-184.56,894.712
-202.407,777.427,-175.386,837.444
-184.56,894.712,-194.953,960.338
390.218,324.606,362.603,342.683
362.603,342.683,377.154,384.538
377.154,384.538,362.354,424.668
377.154,384.538,427.574,413.906
398.388,474.917,362.354,424.668
362.354,424.668,322.206,426.174
322.206,426.174,323.138,450.722
390.218,324.606,381.12,238.676
399.591,325.375,390.218,324.606
399.591,325.375,417.66,335.484
474.203,257.34,399.591,325.375
474.203,257.34,491.326,288.314
-508.934,-125.659,-521.194,-128.244
-547.456,-157.4,-540.637,-170.227
-547.456,-157.4,-577.288,-138.294
-521.194,-128.244,-547.456,-157.4
-592.364,-210.234,-540.637,-170.227
-521.194,-128.244,-564.299,-116.092
120.472,250.528,133.642,200.355
120.472,250.528,51.6498,252.833
128.473,194.711,133.642,200.355
339.814,-143.703,378.402,-84.9838
-362.29,-199.552,-284.01,-151.805
-284.01,-151.805,-276.865,-183.582
-276.865,-183.582,-209.372,-248.394
-209.372,-248.394,-188.997,-253.41
-177.488,-291.052,-188.997,-253.41
-423.169,-618.313,-426.146,-610.684
-426.146,-610.684,-418.765,-592.559
-359.495,-580.583,-418.765,-592.559
-418.765,-592.559,-418.396,-542.51
-404.61,-523.329,-418.396,-542.51
-541.261,-2313.12,-543.994,-1875.71
516.785,-902.281,513.23,-847.463
531.994,-832.275,513.23,-847.463
513.23,-847.463,487.823,-856.96
442.898,-904.058,390.79,-862.283
487.823,-856.96,442.898,-904.058
466.186,-839.237,487.823,-856.96
748.952,81.9036,747.842,-27.8408
-747.477,-939.359,-768.551,-946.98
-768.551,-946.98,-784.301,-903.15
-893.855,-880.692,-893.901,-882.005
-784.301,-903.15,-893.855,-880.692
-943.973,-934.434,-893.901,-882.005
628.389,519.631,662.011,528.678
662.011,528.678,644.136,574.198
628.389,519.631,628.329,472.449
655.016,592.427,644.136,574.198
-13.5197,958.32,-17.5275,957.703
-13.5197,958.32,86.5533,2850.67
-55.3207,958.062,-17.5275,957.703
-529.257,-784.232,-545.123,-816.884
-529.257,-784.232,-559.229,-743.309
-602.493,-827.891,-545.123,-816.884
-545.123,-816.884,-519.057,-867.939
-519.057,-867.939,-558.644,-908.13
-396.518,919.386,-393.847,923.933
-284.772,933.174,-393.847,923.933
-482.266,-10.6911,-479.63,0.36771
-436.044,43.4526,-479.63,0.36771
-479.63,0.36771,-525.173,42.8819
-509.291,-40.3475,-482.266,-10.6911
-540.385,-35.2462,-567.294,-56.8951
-557.439,-16.508,-540.385,-35.2462
-527.662,78.6623,-525.173,42.8819
-525.173,42.8819,-553.692,17.8701
-553.692,17.8701,-557.439,-16.508
-562.602,-15.9331,-557.439,-16.508
658.396,-865.737,618.738,-832.218
725.949,-832.448,819.577,-842.753
742.508,-893.118,725.949,-832.448
723.424,-918.013,742.508,-893.118
416.727,-233.201,403.183,-281.984
438.119,-227.207,416.727,-233.201
329.12,-262.347,403.183,-281.984
403.183,-281.984,428.596,-330.826
430.976,-330.887,463.357,-241.104
430.976,-330.887,446.583,-337.269
428.596,-330.826,430.976,-330.887
509.845,-239.457,463.357,-241.104
463.357,-241.104,438.119,-227.207
913.477,-205.707,913.702,-194.578
872.371,-113.542,806.257,-36.1909
-56.6227,169.597,-92.5568,143.541
-117.566,151.77,-92.5568,143.541
-92.5568,143.541,-71.7503,105.251
-71.7503,105.251,-118.354,95.5833
343.356,106.935,359.687,162.452
404.223,150.564,359.687,162.452
359.687,162.452,347.155,183.9
-712.106,733.692,-701.493,743.307
-701.591,686.264,-712.106,733.692
-701.591,686.264,-660.64,641.515
953.128,-563.743,941.396,-526.05
941.396,-526.05,1018.7,-477.155
1018.7,-477.155,1016.38,-476.38
-696.836,469.706,-685.292,446.451
-970.849,-716.973,-1030.43,-814.804
-970.849,-716.973,-984.649,-702.66
-6000,-1198.44,-1030.43,-814.804
-1030.43,-814.804,-974.259,-819.344
-939.649,-845.586,-974.259,-819.344
734.132,-456.163,648.004,-466.775
645.91,-447.346,648.004,-466.775
648.004,-466.775,645.986,-520.719
734.132,-456.163,735.406,-423.962
734.17,-465.678,734.132,-456.163
645.986,-520.719,694.718,-556.828
645.986,-520.719,622.642,-513.967
699.063,-574.827,694.718,-556.828
694.718,-556.828,734.17,-465.678
734.17,-465.678,783.728,-488.277
472.642,-450.582,463.492,-506.371
472.642,-450.582,397.446,-484.571
399.583,-500.554,463.492,-506.371
534.47,-456.047,531.137,-441.024
585.471,640.324,569.383,628.048
585.471,640.324,590.767,713.256
504.598,692.42,569.383,628.048
-896.539,662.799,-883.583,697.378
-886.086,643.56,-896.539,662.799
618.738,-832.218,585.344,-874
585.344,-874,531.994,-832.275
532.005,-813.65,531.994,-832.275
887.164,290.476,880.295,316.905
880.295,316.905,823.924,303.078
880.295,316.905,884.191,343.079
815.027,339.454,823.924,303.078
-215.28,544.467,-215.381,492.162
-215.28,544.467,-229.561,542.121
-224.279,490.436,-215.381,492.162
-215.381,492.162,-185.495,488.778
-185.495,488.778,-164.172,464.469
85.289,-108.174,79.4933,-99.1341
-941.093,547.958,-933.936,582.312
-902.086,577.763,-933.936,582.312
-941.093,547.958,-933.413,535.337
-876.719,-298.466,-849.323,-295.149
820.075,920.313,804.227,900.858
812.758,967.932,820.075,920.313
812.758,967.932,768.085,943.475
817.073,973.104,812.758,967.932
-436.044,43.4526,-454.461,92.7423
-393.855,28.2781,-436.044,43.4526
-556.463,211.011,-520.632,198.843
-545.305,164.915,-520.632,198.843
-520.632,198.843,-515.663,200.038
-556.463,211.011,-572.925,161.358
-567.627,228.305,-556.463,211.011
-515.663,200.038,-514.211,165.119
598.405,-789.504,561.326,-744.734
606.9,-760.945,561.326,-744.734
561.326,-744.734,540.526,-734.497
598.405,-789.504,606.9,-760.945
600.218,-799.349,598.405,-789.504
536.762,-714.027,540.526,-734.497
540.526,-734.497,528.359,-800.735
464.362,-789.605,528.359,-800.735
528.359,-800.735,532.005,-813.65
532.005,-813.65,600.218,-799.349
632.219,-810.468,600.218,-799.349
-813.624,830.398,-755.042,872.011
-727.149,840.009,-755.042,872.011
-813.624,830.398,-811.856,807.94
-135.865,20.5629,-134.558,10.9262
-123.85,69.2426,-135.865,20.5629
-123.85,69.2426,-129.096,78.7893
-163.653,51.0906,-135.865,20.5629
571.061,431.161,576.011,431.062
576.011,431.062,618.842,469.63
628.329,472.449,618.842,469.63
-821.741,244.764,-799.535,278.472
-777.868,280.807,-799.535,278.472
-821.741,244.764,-836.38,214.094
-873.147,290.983,-821.741,244.764
-897.061,250.207,-873.147,290.983
-589.02,-1068.83,-539.032,-934.412
-589.02,-1068.83,-589.878,-1148.51
-539.032,-934.412,-558.644,-908.13
-572.485,-908.474,-602.493,-827.891
-558.644,-908.13,-572.485,-908.474
86.5533,2850.67,76.7904,3118.16
-58.3602,973.598,-55.3207,958.062
-58.3602,973.598,-141.153,997.106
76.7904,3118.16,-58.3602,973.598
-90.7557,927.745,-55.3207,958.062
-933.413,535.337,-902.086,577.763
-933.413,535.337,-928.63,516.792
226.866,-178.674,303.405,-145.14
303.405,-145.14,314.188,-145.771
319.183,-148.086,314.188,-145.771
314.188,-145.771,351.773,-54.9222
-305.956,-672.477,-346.394,-658.687
-305.956,-672.477,-328.962,-612.287
-361.999,-629.916,-346.394,-658.687
-287.731,-535.435,-338.891,-526.414
-287.731,-535.435,-277.331,-530.568
-291.002,-597.472,-287.731,-535.435
-338.891,-526.414,-359.495,-580.583
-359.495,-580.583,-354.888,-617.413
-361.999,-629.916,-354.888,-617.413
-354.888,-617.413,-328.962,-612.287
-328.962,-612.287,-291.002,-597.472
-229.546,269.184,-229.084,269.681
-229.546,269.184,-225.508,218.69
-543.994,-1875.71,-547.896,-1828.54
-589.878,-1148.51,-547.896,-1828.54
-547.896,-1828.54,-685.207,-984.14
-669.412,-932.799,-685.207,-984.14
-685.207,-984.14,-747.477,-939.359
-698.4,-913.36,-747.477,-939.359
-279.423,641.736,-257.459,620.483
-279.423,641.736,-330.719,615.719
-266.382,678.542,-279.423,641.736
-275.583,572.421,-257.459,620.483
-257.459,620.483,-242.507,612.673
-183.841,669.077,-192.017,673.568
-216.365,747.064,-192.017,673.568
-192.017,673.568,-266.382,678.542
-242.507,612.673,-183.841,669.077
-237.526,606.045,-242.507,612.673
734.966,-422.897,645.91,-447.346
734.966,-422.897,732.315,-404.16
735.406,-423.962,734.966,-422.897
386.487,-473.84,397.446,-484.571
397.446,-484.571,399.583,-500.554
387.413,-540.441,399.583,-500.554
462.704,493.574,463.917,488.695
462.704,493.574,423.758,495.933
506.646,515.785,462.704,493.574
468.009,439.601,463.917,488.695
463.917,488.695,516.025,423.27
516.025,423.27,506.646,515.785
512.168,521.267,506.646,515.785
-599.349,-321.102,-610.524,-266.62
-591.317,-237.093,-610.524,-266.62
-599.349,-321.102,-596.166,-331.756
298.373,524.927,387.523,501.429
394.633,492.713,387.523,501.429
387.523,501.429,391.847,582.957
298.373,524.927,295,525.499
391.847,582.957,298.373,524.927
394.545,598.763,391.847,582.957
-707.833,-96.3088,-665.587,-106.243
-665.587,-106.243,-661.057,-154.611
-605.674,-142.73,-597.059,-146.931
-661.057,-154.611,-605.674,-142.73
-672.479,-169.911,-661.057,-154.611
631.621,304.235,580.044,296.029
641.242,300.902,631.621,304.235
394.633,492.713,398.237,489.894
323.138,450.722,394.633,492.713
295,525.499,293.653,495.215
295,525.499,261.313,563.106
293.653,495.215,323.138,450.722
-251.077,-548.818,-277.331,-530.568
-232.113,-549.531,-251.077,-548.818
423.758,495.933,398.237,489.894
423.758,495.933,447.303,562.653
398.237,489.894,398.388,474.917
398.388,474.917,427.521,418.888
427.574,413.906,427.521,418.888
427.521,418.888,468.009,439.601
873.974,-822.129,862.425,-810.946
873.974,-822.129,952.426,-811.309
875.626,-862.524,873.974,-822.129
912.599,-729.632,862.425,-810.946
862.425,-810.946,860.584,-810.433
828.089,-823.773,819.577,-842.753
828.089,-823.773,792.262,-802.647
860.584,-810.433,828.089,-823.773
875.626,-862.524,932.808,-864.243
846.028,-787.351,860.584,-810.433
773.532,731.741,785.339,732.967
785.339,732.967,829.574,782.929
724.245,842.788,724.296,842.984
829.574,782.929,724.245,842.788
387.413,-540.441,443.819,-546.831
443.819,-546.831,430.431,-610.635
758.362,-35.1329,780.217,-46.5585
775.076,-89.0107,780.217,-46.5585
780.217,-46.5585,806.257,-36.1909
747.842,-27.8408,758.362,-35.1329
692.875,-19.9132,747.842,-27.8408
-277.331,-530.568,-242.428,-476.345
-326.1,-428.383,-346.385,-434.294
-326.1,-428.383,-293.581,-378.389
-241.11,-471.029,-326.1,-428.383
-242.428,-476.345,-241.11,-471.029
-228.205,-453.462,-241.11,-471.029
-567.294,-56.8951,-569.842,-99.2628
-563.789,-106.653,-564.299,-116.092
-569.842,-99.2628,-563.789,-106.653
-129.018,135.864,-117.566,151.77
-129.018,135.864,-118.354,95.5833
509.845,-239.457,539.147,-257.205
543.759,-280.652,539.147,-257.205
539.147,-257.205,581.774,-208.76
494.543,-166.104,509.845,-239.457
539.929,-149.571,494.543,-166.104
581.774,-208.76,539.929,-149.571
610.782,-198.833,581.774,-208.76
-546.279,811.435,-580.406,770.432
-573.067,883.918,-546.279,811.435
-573.163,883.959,-573.067,883.918
-558.537,-563.788,-576.797,-587.939
-586.52,-506.821,-558.537,-563.788
-492.493,-514.055,-492.365,-500.486
-492.493,-514.055,-404.61,-523.329
-492.365,-500.486,-501.361,-485
-586.52,-506.821,-623.251,-502.492
699.063,-574.827,773.252,-600.567
-423.169,-618.313,-405.088,-630.999
-428.057,-624.409,-423.169,-618.313
-519.796,-651.755,-501.378,-629.928
-501.378,-629.928,-457.498,-656.975
-428.057,-624.409,-430.415,-688.382
-457.498,-656.975,-428.057,-624.409
-459.619,-696.303,-457.498,-656.975
-714.822,812.588,-713.818,815.591
-714.822,812.588,-715.454,791.655
-811.856,807.94,-714.822,812.588
-713.818,815.591,-727.149,840.009
-727.149,840.009,-662.153,922.08
-405.088,-630.999,-361.999,-629.916
-233.43,533.431,-229.561,542.121
-229.561,542.121,-239.138,547.458
-233.43,533.431,-240.592,501.045
-256.99,523.873,-233.43,533.431
-246.858,576.38,-239.138,547.458
-239.138,547.458,-271.589,544.397
-303.727,553.799,-271.589,544.397
-271.589,544.397,-266.852,536.026
-264.397,496.67,-266.852,536.026
-266.852,536.026,-256.99,523.873
-255.692,499.976,-256.99,523.873
-380.222,344.234,-409.811,388.913
-360.239,344.036,-380.222,344.234
-360.239,344.036,-358.112,357.72
-330.719,615.719,-340.954,600.275
-330.719,615.719,-348.392,679.467
-403.439,628.714,-340.954,600.275
-340.954,600.275,-340.086,585.955
-340.086,585.955,-312.819,552.668
-315.019,511.934,-312.819,552.668
-312.819,552.668,-303.727,553.799
-340.086,585.955,-377.263,559.52
-275.583,572.421,-246.858,576.38
-303.727,553.799,-275.583,572.421
-362.29,-199.552,-372.529,-163.094
-362.092,-103.122,-372.529,-163.094
64.2587,-432.525,30.631,-449.99
48.4951,-373.764,64.2587,-432.525
-42.4211,-354.558,48.4951,-373.764
183.295,-540.486,175.701,-554.706
175.701,-554.706,108.605,-585.723
108.605,-585.723,76.544,-618.574
76.544,-618.574,73.222,-628.831
45.0608,-631.352,73.222,-628.831
105.481,404.104,83.0576,328.423
83.0576,328.423,55.6486,307.574
-984.649,-702.66,-6000,-1032.2
-518.453,82.6634,-527.662,78.6623
-518.453,82.6634,-513.593,141.859
-454.461,92.7423,-518.453,82.6634
-548.791,87.1248,-527.662,78.6623
-731.787,-134.055,-707.833,-96.3088
-764.559,-141.882,-762.243,-140.254
-762.243,-140.254,-731.787,-134.055
-731.787,-134.055,-677.728,-172.657
939.394,-910.359,932.808,-864.243
6000,-2277.71,939.394,-910.359
-928.63,516.792,-974.305,459.52
1387.6,-254.234,6482.04,-344.522
987.463,889.608,1263.32,898.814
-156135,3008.6,-144136,2818.11
-144136,2818.11,-1879.52,516.935
-1076.84,429.909,-1879.52,516.935
-981.986,706.681,-947.952,691.351
398.055,600.703,400.227,600.801
398.055,600.703,394.545,598.763
394.095,679.193,398.055,600.703
443.71,572.734,400.227,600.801
400.227,600.801,448.828,632.434
394.095,679.193,312.365,618.194
470.733,638.712,448.828,632.434
21.1734,-649.584,45.0608,-631.352
10.6876,-674.387,21.1734,-649.584
10.6876,-674.387,24.9898,-717.843
-28.4185,-705.684,10.6876,-674.387
-28.4185,-705.684,24.9898,-717.843
-60.7565,-723.042,-28.4185,-705.684
-170.716,-726.845,-86.0199,-684.493
-86.0199,-684.493,-60.7565,-723.042
-60.7565,-723.042,-51.4706,-782.667
-857.734,-681.233,-849.48,-638.365
-849.48,-638.365,-829.345,-632.517
-559.229,-743.309,-653.784,-807.546
-687.313,-776.235,-653.784,-807.546
-653.784,-807.546,-649.262,-815.023
-559.229,-743.309,-562.74,-722.895
-649.262,-815.023,-602.493,-827.891
339.771,-199.15,332.611,-256.659
329.12,-262.347,332.611,-256.659
339.771,-199.15,326.681,-163.31
394.545,598.763,312.365,618.194
512.168,521.267,447.303,562.653
447.303,562.653,443.71,572.734
18.7313,-507.34,-19.4737,-526.879
22.5028,-485.977,18.7313,-507.34
31.71,-468.135,22.5028,-485.977
31.71,-468.135,30.631,-449.99
-35.2335,-509.547,22.5028,-485.977
-701.513,756.107,-715.454,791.655
-701.513,756.107,-622.502,785.782
-701.493,743.307,-701.513,756.107
-701.493,743.307,-660.957,715.239
-503.592,146.7,-513.593,141.859
-513.593,141.859,-548.756,145.088
-548.756,145.088,-548.791,87.1248
-580.494,81.8443,-548.791,87.1248
-548.756,145.088,-555.92,154.956
142.846,760.564,148.49,755.798
160.53,718.816,148.49,755.798
-589.044,765.626,-622.502,785.782
386.599,-186.23,388.01,-197.094
386.599,-186.23,326.681,-163.31
394.72,-142.561,386.599,-186.23
394.72,-142.561,339.814,-143.703
-765.203,226.499,-771.735,276.674
-836.38,214.094,-765.203,226.499
-771.735,276.674,-777.868,280.807
-836.38,214.094,-845.234,205.023
-777.868,280.807,-768.679,361.801
-194.953,960.338,-184.847,1005.18
-284.772,933.174,-282.471,895.445
956.761,-814.167,952.426,-811.309
952.426,-811.309,912.599,-729.632
160.53,718.816,149.672,706.843
213.927,708.84,160.53,718.816
85.3367,690.474,149.672,706.843
233.074,556.966,193.63,592.22
193.63,592.22,213.927,708.84
213.927,708.84,231.198,709.466
-385.612,454.384,-383.752,451.757
-396.592,398.604,-383.752,451.757
-383.752,451.757,-328.655,415.515
-358.112,357.72,-328.655,415.515
-614.636,-605.178,-576.797,-587.939
-576.797,-587.939,-553.187,-635.095
-553.187,-635.095,-519.796,-651.755
-519.786,-654.385,-519.796,-651.755
-553.187,-635.095,-588.055,-672.828
-980.751,-923.17,-943.973,-934.434
-980.751,-923.17,-6000,-2118.07
-939.649,-845.586,-980.751,-923.17
732.836,847.325,724.296,842.984
724.296,842.984,721.605,851.204
721.605,851.204,668.061,928.153
712.672,972.817,668.061,928.153
668.061,928.153,638.018,927.344
721.605,851.204,754.416,945.06
624.475,940.371,638.018,927.344
-662.153,922.08,-701.417,922.487
-662.153,922.08,-661.951,922.11
-240.592,501.045,-224.279,490.436
-240.592,501.045,-255.692,499.976
462.747,350.603,439.877,337.71
438.237,400.596,462.747,350.603
437.516,400.875,438.237,400.596
748.261,-369.728,732.315,-404.16
618.738,-832.218,632.219,-810.468
-348.392,679.467,-377.777,688.933
-377.777,688.933,-403.439,628.714
-434.61,627.796,-403.439,628.714
-845.234,205.023,-897.061,250.207
-946.848,294.814,-974.871,293.415
-591.317,-237.093,-594.325,-218.626
-640.28,-385.09,-596.166,-331.756
-596.166,-331.756,-588.914,-333.041
-469.597,-709.129,-511.908,-691.737
-459.619,-696.303,-469.597,-709.129
-430.415,-688.382,-459.619,-696.303
-90.7557,927.745,-141.153,997.106
792.262,-802.647,754.237,-790.155
771.846,-739.328,754.237,-790.155
792.262,-802.647,822.116,-787.971
-19.4737,-526.879,-14.7554,-538.482
-14.7554,-538.482,-1.00464,-548.587
-19.4737,-526.879,-35.2335,-509.547
-1.00464,-548.587,4.22065,-598.641
390.79,-862.283,332.432,-859.301
332.432,-859.301,423.437,-757.685
423.437,-757.685,433.645,-779.302
782.059,911.626,804.227,900.858
829.093,-727.075,777.273,-738.455
771.846,-739.328,777.273,-738.455
777.273,-738.455,822.116,-787.971
846.028,-787.351,829.093,-727.075
822.116,-787.971,846.028,-787.351
149.745,-768.842,105.408,-697.066
175.721,-777.381,149.745,-768.842
754.85,-716.554,771.846,-739.328
773.252,-600.567,754.85,-716.554
754.416,945.06,768.085,943.475
768.085,943.475,782.059,911.626
755.95,867.724,782.059,911.626
294.474,620.468,261.313,563.106
261.313,563.106,233.074,556.966
105.408,-697.066,101.713,-701.004
101.713,-701.004,41.7557,-743.173
-573.163,883.959,-577.718,929.412
-577.718,929.412,-589.802,957.507
-589.802,957.507,-659.82,919.935
-589.802,957.507,-600.328,1002.43
-661.951,922.11,-659.82,919.935
-63.4674,-233.78,-38.5267,-267.649
-63.4674,-233.78,-161.283,-294.183
-43.9849,-346.405,-38.5267,-267.649
-38.5267,-267.649,13.6711,-250.272
45.0608,-631.352,4.22065,-598.641
-596.82,744.64,-589.044,765.626
-596.82,744.64,-563.491,679.912
-614.822,731.534,-596.82,744.64
-580.406,770.432,-589.044,765.626
-660.64,641.515,-660.957,715.239
-660.957,715.239,-614.822,731.534
-614.822,731.534,-615.067,638.785
464.362,-789.605,433.645,-779.302
466.186,-839.237,464.362,-789.605
433.645,-779.302,426.097,-818.145
426.097,-818.145,466.186,-839.237
426.097,-818.145,390.79,-862.283
-495.268,703.285,-580.406,770.432
-598.815,637.874,-563.491,679.912
-396.592,398.604,-358.112,357.72
-409.811,388.913,-396.592,398.604
-669.412,-932.799,-589.878,-1148.51
783.728,-488.277,826.174,-493.348
-199.172,767.383,-216.365,747.064
-199.172,767.383,-202.407,777.427
-9.05939,-439.426,-30.5124,-462.368
-9.05939,-439.426,-42.4211,-354.558
30.631,-449.99,-9.05939,-439.426
-115.226,-417.344,-30.5124,-462.368
-30.5124,-462.368,-47.7799,-499.615
-47.7799,-499.615,-35.2335,-509.547
-47.7799,-499.615,-48.9993,-499.897
-759.167,-811.903,-743.679,-799.679
-759.167,-811.903,-698.4,-913.36
-687.313,-776.235,-743.679,-799.679
-817.448,-717.172,-857.734,-681.233
215.451,-168.301,226.866,-178.674
196.537,-155.114,215.451,-168.301
176.658,-123.21,196.537,-155.114
124.715,-119.804,176.658,-123.21
-170.263,-820.86,-170.716,-726.845
-660.64,641.515,-659.42,632.848
847.655,605.222,837.719,559.64
755.95,867.724,732.836,847.325
-293.581,-378.389,-228.205,-453.462
-211.409,-441.44,-228.205,-453.462
-211.409,-441.44,-211.658,-334.577
-169.536,-444.949,-211.409,-441.44
49.8193,249.448,51.6498,252.833
51.6498,252.833,52.0635,277.132
23.8979,227.746,49.8193,249.448
55.6486,307.574,52.0635,277.132
52.0635,277.132,-20.4454,295.16
-20.4454,295.16,-19.5684,238.457
-19.5684,238.457,23.8979,227.746
437.516,400.875,427.574,413.906
226.866,-178.674,231,-234.421
-514.211,165.119,-503.592,146.7
313.475,-274.551,329.12,-262.347
219.354,-247.958,231,-234.421
231,-234.421,313.475,-274.551
326.681,-163.31,319.183,-148.086
339.814,-143.703,319.183,-148.086
951.719,18.791,955.661,21.2261
-42.4211,-354.558,-46.0335,-351
-43.9849,-346.405,-46.0335,-351
-46.0335,-351,-63.5243,-354.804
-114.396,-415.223,-115.226,-417.344
-161.283,-294.183,-63.5243,-354.804
-63.5243,-354.804,-114.396,-415.223
-114.396,-415.223,-205.228,-329.429
386.487,-473.84,338.881,-521.278
381.678,-465.74,386.487,-473.84
-594.118,-700.034,-588.841,-681.647
-562.74,-722.895,-594.118,-700.034
-562.74,-722.895,-511.908,-691.737
129.317,182.294,128.473,194.711
110.796,144.387,129.317,182.294
-588.055,-672.828,-614.636,-605.178
-644.299,-386.99,-623.251,-502.492
-623.251,-502.492,-644.999,-512.117
961.487,59.21,955.872,32.1881
954.875,72.5379,961.487,59.21
954.875,72.5379,906.562,83.1215
981.02,166.519,954.875,72.5379
-598.815,637.874,-615.067,638.785
-615.067,638.785,-656.89,631.512
-555.343,590.314,-598.815,637.874
-659.42,632.848,-656.89,631.512
-555.343,590.314,-542.181,589.341
-564.299,-116.092,-577.288,-138.294
-577.288,-138.294,-597.059,-146.931
-597.059,-146.931,-592.364,-210.234
-592.364,-210.234,-594.325,-218.626
312.365,618.194,294.474,620.468
292.458,631.976,294.474,620.468
590.767,713.256,504.598,692.42
590.767,713.256,595.871,722.361
-438.25,626.168,-434.61,627.796
-445.872,582.71,-438.25,626.168
-445.872,582.71,-446.052,573.237
203.701,-966.204,148.156,-1001.54
-246.858,576.38,-238.749,588.764
-238.749,588.764,-237.526,606.045
-170.303,597.888,-237.526,606.045
-519.786,-654.385,-588.841,-681.647
-588.841,-681.647,-588.055,-672.828
-768.679,361.801,-818.232,378.632
454.25,-351.079,446.583,-337.269
446.583,-337.269,544.614,-288.79
544.614,-288.79,543.759,-280.652
544.614,-288.79,552.189,-299.041
-118.354,95.5833,-129.096,78.7893
-129.096,78.7893,-144.663,80.1516
-144.663,80.1516,-163.653,51.0906
-196.292,46.0145,-163.653,51.0906
-144.663,80.1516,-162.226,91.4165
-30.09,566.152,-55.3813,592.766
-974.305,459.52,-1035.29,428.726
-572.925,161.358,-581.522,160.737
-750.031,449.521,-761.954,363.634
910.826,-586.507,953.128,-563.743
85.289,-108.174,124.715,-119.804
52.4168,-175.855,85.289,-108.174
-572.925,161.358,-555.92,154.956
-555.92,154.956,-545.305,164.915
-545.305,164.915,-514.211,165.119
-849.079,-144.976,-844.502,-164.882
-819.049,-101.724,-849.079,-144.976
-844.502,-164.882,-769.379,-153.676
-764.559,-141.882,-819.049,-101.724
-769.379,-153.676,-764.559,-141.882
326.326,-1022.49,221.245,-962.108
221.245,-962.108,203.701,-966.204
502.963,891.051,492.39,872.991
465.094,897.732,492.39,872.991
552.189,-299.041,495.349,-366.384
495.349,-366.384,454.25,-351.079
-211.658,-334.577,-205.228,-329.429
-594.325,-218.626,-672.479,-169.911
-672.479,-169.911,-677.728,-172.657
688.111,-29.051,692.875,-19.9132
-162.226,91.4165,-196.292,46.0145
-511.908,-691.737,-519.786,-654.385
231.198,709.466,292.458,631.976
439.877,337.71,491.326,288.314
439.877,337.71,417.66,335.484
-768.679,361.801,-761.954,363.634
-761.954,363.634,-751.794,363.116
956.761,-814.167,2360.6,-877.626
932.808,-864.243,956.761,-814.167
754.416,945.06,712.672,972.817
417.66,335.484,437.516,400.875
-660.565,932.442,-661.951,922.11
-600.328,1002.43,-660.565,932.442
-255.692,499.976,-264.397,496.67
41.7557,-743.173,12.309,-794.273
12.309,-794.273,-51.4706,-782.667
-644.299,-386.99,-640.28,-385.09
-674.337,-389.438,-644.299,-386.99
-1032.73,244.689,-974.871,293.415
-974.871,293.415,-1076.84,429.909
-1035.29,428.726,-1076.84,429.909
409.313,856.969,467.148,814.329
955.872,32.1881,955.661,21.2261
409.313,856.969,465.094,897.732
24.9898,-717.843,41.7557,-743.173
-177.488,-291.052,-161.283,-294.183
-205.228,-329.429,-177.488,-291.052
